====={Displacement@Node}=================
     1  0.000000000000000E+00  0.000000000000000E+00
     2  -1.698252718357790E-02  -4.314507965358370E-02
     3  -3.216208803982649E-02  -1.666737066929324E-01
     4  -4.555543771109632E-02  -3.616322584701027E-01
     5  -5.716253570379783E-02  -6.190917516338058E-01
     6  -6.698398414230439E-02  -9.301226077899301E-01
     7  -7.501969306701824E-02  -1.285796364061556E+00
     8  -8.126968761611870E-02  -1.677184393317154E+00
     9  -8.573396165177721E-02  -2.095358178862422E+00
    10  -8.841247400296230E-02  -2.531389316054322E+00
    11  -8.930589277050519E-02  -2.976351847742329E+00
    12  0.000000000000000E+00  0.000000000000000E+00
    13  -8.471664896818326E-03  -4.314442069128405E-02
    14  -1.605885413734483E-02  -1.666735048849934E-01
    15  -2.275521300229706E-02  -3.616322190479955E-01
    16  -2.855873096229672E-02  -6.190917438236035E-01
    17  -3.346945290920286E-02  -9.301226065449840E-01
    18  -3.748730881286805E-02  -1.285796362560378E+00
    19  -4.061231220270714E-02  -1.677184383633234E+00
    20  -4.284447568922780E-02  -2.095358109993295E+00
    21  -4.418377138687523E-02  -2.531388861322888E+00
    22  -4.462989683706139E-02  -2.976349030045061E+00
    23  0.000000000000000E+00  0.000000000000000E+00
    24  -1.211349643106801E-15  -4.314373891959366E-02
    25  -2.380502438799259E-15  -1.666733056420758E-01
    26  -4.232683916168402E-15  -3.616321783871043E-01
    27  -8.761282379893698E-15  -6.190917362715646E-01
    28  -1.476008938769483E-14  -9.301226053030570E-01
    29  -1.944059082428512E-14  -1.285796361580094E+00
    30  -2.296069244162712E-14  -1.677184376902362E+00
    31  -2.895014677568925E-14  -2.095358058891294E+00
    32  -3.592903689062711E-14  -2.531388512021189E+00
    33  -4.247127693165002E-14  -2.976346842287116E+00
    34  0.000000000000000E+00  0.000000000000000E+00
    35  8.471664896815953E-03  -4.314442069128220E-02
    36  1.605885413733997E-02  -1.666735048849921E-01
    37  2.275521300228811E-02  -3.616322190479972E-01
    38  2.855873096227963E-02  -6.190917438236037E-01
    39  3.346945290917314E-02  -9.301226065449739E-01
    40  3.748730881282792E-02  -1.285796362560387E+00
    41  4.061231220265982E-02  -1.677184383633247E+00
    42  4.284447568917034E-02  -2.095358109993318E+00
    43  4.418377138680439E-02  -2.531388861322887E+00
    44  4.462989683698098E-02  -2.976349030045086E+00
    45  0.000000000000000E+00  0.000000000000000E+00
    46  1.698252718357556E-02  -4.314507965358147E-02
    47  3.216208803982136E-02  -1.666737066929315E-01
    48  4.555543771108752E-02  -3.616322584701065E-01
    49  5.716253570378206E-02  -6.190917516338044E-01
    50  6.698398414227283E-02  -9.301226077899195E-01
    51  7.501969306697491E-02  -1.285796364061571E+00
    52  8.126968761606983E-02  -1.677184393317168E+00
    53  8.573396165171994E-02  -2.095358178862456E+00
    54  8.841247400289215E-02  -2.531389316054339E+00
    55  8.930589277044247E-02  -2.976351847742389E+00
    56  -8.626264129109296E-03  -1.095730381185299E-02
    57  -1.272284006407164E-02  -4.314472836593843E-02
    58  -4.308450601533464E-03  -1.095815691543964E-02
    59  0.000000000000000E+00  0.000000000000000E+00
    60  -2.470114478367450E-02  -9.542159495477921E-02
    61  -2.410736542602743E-02  -1.666736088055999E-01
    62  -1.234814994575647E-02  -9.542172595708495E-02
    63  -3.898680395421163E-02  -2.557819707303029E-01
    64  -3.415191237627533E-02  -3.616322376045587E-01
    65  -1.949125082056303E-02  -2.557820207775723E-01
    66  -5.148693561953753E-02  -4.831075414681984E-01
    67  -4.285730246826003E-02  -6.190917480732521E-01
    68  -2.574134284423573E-02  -4.831075444589040E-01
    69  -6.220120026410566E-02  -7.684687680953217E-01
    70  -5.022336580405411E-02  -9.301226068255281E-01
    71  -3.109847708259164E-02  -7.684687701048447E-01
    72  -7.112977896950673E-02  -1.102937166459775E+00
    73  -5.625015345623581E-02  -1.285796364335487E+00
    74  -3.556276596816440E-02  -1.102937166516968E+00
    75  -7.827263276196851E-02  -1.477584125970975E+00
    76  -6.093765320628326E-02  -1.677184384744075E+00
    77  -3.913419218857468E-02  -1.477584127047935E+00
    78  -8.362977813062110E-02  -1.883481070149990E+00
    79  -6.428586318492624E-02  -2.095358158490463E+00
    80  -4.181275716617453E-02  -1.883481078790531E+00
    81  -8.720119448832206E-02  -2.311699376473995E+00
    82  -6.629479901301756E-02  -2.531389036443834E+00
    83  -4.359844815151903E-02  -2.311699434510027E+00
    84  -8.898706969019803E-02  -2.753310272018775E+00
    85  -6.696443889344408E-02  -2.976350632731486E+00
    86  -4.449130932021181E-02  -2.753310673733806E+00
    87  -4.234430752166267E-03  -4.314410161193425E-02
    88  -5.383979936446407E-16  -1.095889437619719E-02
    89  0.000000000000000E+00  0.000000000000000E+00
    90  -8.028390426844894E-03  -1.666734022468977E-01
    91  -1.844980344948594E-15  -9.542189202080323E-02
    92  -1.137646972977892E-02  -3.616321998720404E-01
    93  -3.606487003471947E-15  -2.557820620654763E-01
    94  -1.427825502203519E-02  -6.190917397030362E-01
    95  -6.178402109515714E-15  -4.831075498851366E-01
    96  -1.673360898195060E-02  -9.301226062659491E-01
    97  -1.106737761138656E-14  -7.684687714664896E-01
    98  -1.874253838401125E-02  -1.285796361045716E+00
    99  -1.867249746914164E-14  -1.102937166667200E+00
   100  -2.030504122192388E-02  -1.677184383998915E+00
   101  -2.230477614091592E-14  -1.477584127684625E+00
   102  -2.142111663766820E-02  -2.095358070379693E+00
   103  -2.630584833927413E-14  -1.883481084792924E+00
   104  -2.209078682145635E-02  -2.531388738916806E+00
   105  -3.151248518761174E-14  -2.311699477858840E+00
   106  -2.231375153087335E-02  -2.976347742328299E+00
   107  -3.790550099484904E-14  -2.753310984015164E+00
   108  4.234430752163875E-03  -4.314410161193335E-02
   109  4.308450601532282E-03  -1.095815691543980E-02
   110  0.000000000000000E+00  0.000000000000000E+00
   111  8.028390426840080E-03  -1.666734022468970E-01
   112  1.234814994575280E-02  -9.542172595708528E-02
   113  1.137646972977021E-02  -3.616321998720411E-01
   114  1.949125082055603E-02  -2.557820207775729E-01
   115  1.427825502201792E-02  -6.190917397030364E-01
   116  2.574134284422331E-02  -4.831075444589032E-01
   117  1.673360898192102E-02  -9.301226062659445E-01
   118  3.109847708256896E-02  -7.684687701048460E-01
   119  1.874253838397168E-02  -1.285796361045719E+00
   120  3.556276596812809E-02  -1.102937166516968E+00
   121  2.030504122187723E-02  -1.677184383998922E+00
   122  3.913419218853059E-02  -1.477584127047934E+00
   123  2.142111663761052E-02  -2.095358070379701E+00
   124  4.181275716612230E-02  -1.883481078790529E+00
   125  2.209078682138534E-02  -2.531388738916806E+00
   126  4.359844815145491E-02  -2.311699434510026E+00
   127  2.231375153078963E-02  -2.976347742328312E+00
   128  4.449130932013697E-02  -2.753310673733802E+00
   129  1.272284006406929E-02  -4.314472836593641E-02
   130  8.626264129107874E-03  -1.095730381185317E-02
   131  0.000000000000000E+00  0.000000000000000E+00
   132  2.410736542602246E-02  -1.666736088055987E-01
   133  2.470114478367095E-02  -9.542159495477956E-02
   134  3.415191237626646E-02  -3.616322376045616E-01
   135  3.898680395420513E-02  -2.557819707303031E-01
   136  4.285730246824360E-02  -6.190917480732516E-01
   137  5.148693561952465E-02  -4.831075414681970E-01
   138  5.022336580402346E-02  -9.301226068255175E-01
   139  6.220120026408184E-02  -7.684687680953228E-01
   140  5.625015345619407E-02  -1.285796364335499E+00
   141  7.112977896947362E-02  -1.102937166459773E+00
   142  6.093765320623516E-02  -1.677184384744090E+00
   143  7.827263276192523E-02  -1.477584125970973E+00
   144  6.428586318486881E-02  -2.095358158490491E+00
   145  8.362977813057045E-02  -1.883481070149988E+00
   146  6.629479901294730E-02  -2.531389036443842E+00
   147  8.720119448825572E-02  -2.311699376473990E+00
   148  6.696443889337135E-02  -2.976350632731528E+00
   149  8.898706969012508E-02  -2.753310272018767E+00

====={ReactionForce@Node}=================
     1  6.826945837393752E-01  7.338952549257538E-03
     2  -2.486899575160351E-13  -1.540101379760017E-12
     3  2.344791028008331E-13  3.852029806239443E-12
     4  7.105427357601002E-13  -1.374900193695794E-12
     5  1.108446667785756E-12  -1.256506010349767E-11
     6  -1.563194018672220E-13  8.841816168114747E-12
     7  -7.673861546209082E-13  8.425260489275388E-12
     8  -5.968558980384842E-13  -6.656009077232738E-11
     9  1.676880856393836E-12  8.946443585955421E-11
    10  7.958078640513122E-13  4.705302814045353E-11
    11  -6.963318810448982E-13  -4.166666632360538E-03
    12  5.994668311000150E-01  8.523031099584077E-03
    13  1.509903313490213E-13  -6.129319274350564E-12
    14  -1.030286966852145E-13  -3.326228181776969E-12
    15  -8.233413950620161E-13  2.353672812205332E-12
    16  -2.700062395888381E-13  4.578559753554146E-12
    17  -1.563194018672220E-13  -5.248335099850010E-11
    18  6.536993168992922E-13  2.997779802171863E-11
    19  -1.804778548830654E-12  5.486811005539494E-11
    20  -3.979039320256561E-13  6.872369340271689E-11
    21  3.581135388230905E-12  -2.307309898696985E-10
    22  -5.684341886080801E-14  -8.333333329794357E-03
    23  4.134470543704083E-13  1.609366151460456E-03
    24  1.030286966852145E-13  -6.772360450213455E-13
    25  -6.750155989720952E-14  7.361222742474638E-12
    26  1.236344360222574E-12  3.644462509555524E-11
    27  1.776356839400250E-13  -1.423838824621271E-11
    28  -2.216893335571513E-12  1.995292819856331E-12
    29  4.405364961712621E-13  2.176037128265307E-12
    30  2.444267011014745E-12  -1.371156521656758E-10
    31  8.526512829121202E-14  -1.047197883963236E-10
    32  -2.955857780762017E-12  -9.081357887907870E-11
    33  5.684341886080801E-14  -8.333333294151757E-03
    34  -5.994668310994093E-01  8.523031098942369E-03
    35  -2.664535259100376E-15  1.198152688175469E-12
    36  -2.202682480856311E-13  1.938893490205373E-12
    37  -4.050093593832571E-13  1.906474977886319E-12
    38  -2.700062395888381E-13  -4.162892253134487E-12
    39  3.126388037344441E-13  -4.403144515663371E-13
    40  4.689582056016661E-13  -6.441180921967771E-11
    41  -2.131628207280301E-13  5.191669316673142E-11
    42  -5.400124791776761E-13  -1.082594014434335E-10
    43  -1.762145984685048E-12  -9.276845958083868E-11
    44  -9.094947017729282E-13  -8.333333306836721E-03
    45  -6.826945837398792E-01  7.338952549233002E-03
    46  -9.947598300641403E-14  3.024247519078926E-13
    47  -4.689582056016661E-13  -6.217248937900877E-13
    48  5.684341886080801E-13  -2.637889906509372E-12
    49  -7.531752999057062E-13  4.001243780749064E-13
    50  1.847411112976260E-13  4.704681089151563E-12
    51  -4.547473508864641E-13  -5.128786284558373E-11
    52  1.307398633798584E-12  -1.659627990591162E-11
    53  -1.477928890381008E-12  1.110556091532544E-11
    54  -1.136868377216160E-12  -5.911715561524034E-12
    55  2.273736754432321E-13  -4.166666728451673E-03
    56  1.065814103640150E-14  2.016165012719284E-13
    57  3.552713678800501E-14  8.055778266680136E-13
    58  -5.407751069858024E-14  -1.580957587066223E-13
    59  1.821360456220749E+00  1.262476583109429E-02
    60  -5.684341886080801E-14  4.600764214046649E-13
    61  -2.131628207280301E-13  -1.663558180098335E-12
    62  1.065814103640150E-14  1.856292897173262E-13
    63  1.421085471520200E-13  -2.023270440076885E-12
    64  1.563194018672220E-13  7.303491145194130E-12
    65  -3.481659405224491E-13  8.551381824872806E-12
    66  4.547473508864641E-13  -4.920508445138694E-13
    67  -1.421085471520200E-13  8.864020628607250E-13
    68  -1.634248292248230E-13  -3.705480366988922E-12
    69  -1.989519660128281E-13  2.355449169044732E-12
    70  2.842170943040401E-14  -1.110223024625157E-11
    71  8.064660050877137E-13  1.744382416291046E-12
    72  2.842170943040401E-14  -1.207922650792170E-13
    73  -5.968558980384842E-13  -1.723066134218243E-12
    74  -1.175948227682966E-12  -8.455458555545192E-13
    75  -5.684341886080801E-13  -4.398259534355020E-12
    76  -5.684341886080801E-13  -9.894307595459395E-12
    77  -7.496225862269057E-13  2.259525899717119E-11
    78  -8.526512829121202E-13  -3.478106691545690E-12
    79  1.108446667785756E-12  -3.814548676928098E-11
    80  1.033839680530946E-12  3.111466639893479E-11
    81  1.705302565824240E-12  -9.851675031313789E-12
    82  -1.293187779083382E-12  5.683631343345041E-11
    83  -1.733724275254644E-12  1.245581415787456E-11
    84  -1.080024958355352E-12  1.575983787915902E-11
    85  3.126388037344441E-13  -1.666666666418237E-02
    86  1.126210236179759E-12  -2.458477865729947E-12
    87  -1.709743457922741E-14  -5.417888360170764E-13
    88  -4.263256414560601E-14  1.723066134218243E-13
    89  6.062066593937619E-01  2.070856761964013E-02
    90  4.405364961712621E-13  -7.481126829134155E-12
    91  4.394910385311303E-14  -3.455014052633487E-13
    92  2.273736754432321E-13  -1.207922650792170E-11
    93  5.684341886080801E-14  -2.115640995725698E-12
    94  3.410605131648481E-13  9.107381515605084E-12
    95  2.576131089660461E-13  7.078782005009998E-12
    96  2.273736754432321E-13  1.751487843648647E-12
    97  0.000000000000000E+00  3.390177027995378E-12
    98  -1.705302565824240E-13  -7.460698725481052E-11
    99  -4.399104632179509E-13  -1.013056305509963E-11
   100  -1.136868377216160E-13  5.602629471468390E-12
   101  2.273736754432321E-13  -3.328359809984249E-11
   102  -1.307398633798584E-12  -4.019184984827007E-11
   103  1.584145869901665E-13  -1.816680139654636E-11
   104  -1.250555214937776E-12  -6.347988801280735E-11
   105  -7.673861546209082E-13  -9.039879955707875E-12
   106  -2.557953848736361E-13  -1.666666661184024E-02
   107  1.050002844649530E-12  -5.700329097635404E-12
   108  1.421085471520200E-14  -1.127986593019159E-12
   109  3.907985046680551E-14  -1.820765760385257E-13
   110  -6.062066593935249E-01  2.070856761928530E-02
   111  -1.705302565824240E-13  1.593392084942025E-12
   112  1.421085471520200E-14  -5.719869022868806E-13
   113  -8.526512829121202E-14  -8.372857962513081E-12
   114  1.421085471520200E-14  -1.675104499554436E-12
   115  3.979039320256561E-13  2.017497280348834E-12
   116  -1.847411112976260E-13  -4.429345779044525E-12
   117  3.126388037344441E-13  1.215472167359621E-12
   118  4.831690603168681E-13  -6.217248937900877E-12
   119  1.847411112976260E-13  2.764855011605505E-11
   120  1.989519660128281E-13  3.600675313464308E-12
   121  5.684341886080801E-14  4.912137363533020E-11
   122  -5.684341886080801E-14  1.639577362766431E-12
   123  7.389644451905042E-13  1.785025460776524E-10
   124  2.842170943040401E-13  2.264943788077289E-11
   125  1.591615728102624E-12  2.239641805346082E-11
   126  1.818989403545856E-12  8.498091119690798E-12
   127  0.000000000000000E+00  -1.666666666894301E-02
   128  -1.477928890381008E-12  2.910383045673370E-11
   129  2.131628207280301E-13  8.686384944667225E-13
   130  -1.421085471520200E-14  1.190159082398168E-13
   131  -1.821360456220498E+00  1.262476583052008E-02
   132  7.318590178329032E-13  1.795896764633653E-12
   133  -4.263256414560601E-14  -7.105427357601002E-14
   134  1.421085471520200E-13  -4.232170169871097E-12
   135  -1.705302565824240E-13  -1.421085471520200E-13
   136  2.700062395888381E-13  -7.640110766260477E-12
   137  2.273736754432321E-13  4.085620730620576E-12
   138  -8.242295734817162E-13  9.244605081448753E-12
   139  2.842170943040401E-13  8.292033726320369E-12
   140  2.557953848736361E-13  2.121547382216704E-11
   141  8.526512829121202E-14  5.869082997378428E-12
   142  -1.136868377216160E-13  -7.245204436401309E-11
   143  9.094947017729282E-13  2.913225216616411E-12
   144  6.536993168992922E-13  5.069633601806345E-11
   145  2.842170943040401E-13  -1.996625087485882E-12
   146  4.547473508864641E-13  3.950617610826157E-12
   147  -7.958078640513122E-13  1.470823463023407E-12
   148  6.821210263296962E-13  -1.666666664616656E-02
   149  -6.821210263296962E-13  -1.091393642127514E-11

====={Strain@IntegralPoint}=================
     1   1  -3.283627358562528E-03  -7.823061260996828E-07  -7.980582335901602E-05
     1   2  -3.204327287919198E-03  -1.638642218339259E-06  1.981438191201411E-05
     1   3  -3.125027217275866E-03  3.432250569902762E-07  -3.028313488745958E-05
     1   4  -2.608896311250609E-03  -7.975354919930594E-07  -8.300830094028168E-05
     1   5  -2.544568012814329E-03  -1.706207173293034E-06  6.681381963977509E-06
     1   6  -2.480239714378049E-03  2.233245129362044E-07  -5.334665720227103E-05
     1   7  -1.935186698209043E-03  -8.127648578777624E-07  -8.621601208045476E-05
     1   8  -1.885830171979813E-03  -1.773772128253748E-06  -6.456851542964784E-06
     1   9  -1.836473645750584E-03  1.034239689341743E-07  -7.641541307597949E-05
     2   1  -2.941498227371663E-03  8.835643086346767E-07  -3.100561142424518E-05
     2   2  -2.864869611281159E-03  -2.037863643666871E-07  2.306118092548076E-05
     2   3  -2.788240995190660E-03  5.619278290944218E-08  -3.314421063859568E-05
     2   4  -2.342506470090278E-03  7.657705436880397E-07  -5.674868999168067E-05
     2   5  -2.276905072391157E-03  -2.620046114787389E-07  2.135879037697130E-07
     2   6  -2.211303674692037E-03  5.755005339952259E-08  -5.309631811458229E-05
     2   7  -1.743238637552519E-03  6.479767787337387E-07  -8.248581100740379E-05
     2   8  -1.688664458244777E-03  -3.202228586463018E-07  -2.262804756616998E-05
     2   9  -1.634090278937034E-03  5.890732441421465E-08  -7.304246803868999E-05
     3   1  -2.603976502183951E-03  2.147033809629662E-07  -3.388866743494340E-05
     3   2  -2.527692945444602E-03  -1.058641889706280E-07  1.958986188246858E-05
     3   3  -2.451409388705252E-03  -1.684225700571140E-08  -3.210879601975303E-05
     3   4  -2.074675228066978E-03  2.304837365278244E-07  -5.340141789065417E-05
     3   5  -2.008909390049580E-03  -1.000945387685803E-07  -6.194924945801539E-07
     3   6  -1.943143552032183E-03  -2.108331205360038E-08  -5.301475431801483E-05
     3   7  -1.545447710237160E-03  2.462640923406312E-07  -7.291516941689002E-05
     3   8  -1.490199590941710E-03  -9.432488856653265E-08  -2.082984794216786E-05
     3   9  -1.434951471646262E-03  -2.532436715885211E-08  -7.392171368696826E-05
     4   1  -2.266855148768837E-03  5.654050494463547E-08  -3.192441502322674E-05
     4   2  -2.190611540821569E-03  -3.471894771678308E-09  2.018112554288271E-05
     4   3  -2.114367932874304E-03  3.721709052051381E-10  -3.230065425483680E-05
     4   4  -1.806862894307817E-03  5.043329767259121E-08  -5.302554686963806E-05
     4   5  -1.741078018396941E-03  -5.981411144162507E-09  -7.165431350833473E-07
     4   6  -1.675293142486062E-03  1.460344868441844E-09  -5.299485976437146E-05
     4   7  -1.346850932094618E-03  4.432609013171884E-08  -7.412631894701538E-05
     4   8  -1.291524788220124E-03  -8.490927516646707E-09  -2.161385204403621E-05
     4   9  -1.236198644345635E-03  2.548518229783525E-09  -7.368870550497619E-05
     5   1  -1.929838421282154E-03  7.255241296633130E-09  -3.233360198544311E-05
     5   2  -1.853598528383249E-03  -4.027159938857494E-09  1.998337406312889E-05
     5   3  -1.777358635484342E-03  3.794738967499711E-10  -3.223211599885645E-05
     5   4  -1.538999313446665E-03  8.910895965027854E-09  -5.299147578953500E-05
     5   5  -1.473212667158816E-03  -4.019045984904324E-09  -7.253874271459515E-07
     5   6  -1.407426020870964E-03  -1.259954752167070E-09  -5.299176517520321E-05
     5   7  -1.148165451270129E-03  1.056655207776203E-08  -7.364951434787881E-05
     5   8  -1.092832051593328E-03  -4.010932030951153E-09  -2.143431367176984E-05
     5   9  -1.037498651916536E-03  -2.899383788612653E-09  -7.375157910610719E-05
     6   1  -1.592818361844430E-03  2.567991153057392E-09  -3.221738942268959E-05
     6   2  -1.516578458637889E-03  -2.229317175306278E-09  2.003447198462016E-05
     6   3  -1.440338555431345E-03  -3.594012976115835E-09  -3.224628512762950E-05
     6   4  -1.271144171790931E-03  1.403443614601493E-09  -5.299027515695554E-05
     6   5  -1.205357530436340E-03  -1.143867223163397E-10  -7.254993071165172E-07
     6   6  -1.139570889081747E-03  1.800396418561953E-09  -5.299334197682304E-05
     6   7  -9.494687246192988E-04  2.388951259035821E-10  -7.376283294344144E-05
     6   8  -8.941353451166643E-04  2.000544174762808E-09  -2.148514265103152E-05
     6   9  -8.388019656140324E-04  7.194806861399172E-09  -7.374007087843082E-05
     7   1  -1.255801424816273E-03  -3.516277047310723E-09  -3.224590754402623E-05
     7   2  -1.179560630677464E-03  6.232169891262629E-09  2.001703986967418E-05
     7   3  -1.103319836538650E-03  3.198743847576679E-08  -3.226578778753320E-05
     7   4  -1.003286166641191E-03  -4.888330946596657E-10  -5.298935641234737E-05
     7   5  -9.374999500094908E-04  -2.153918821079515E-09  -7.229349300308385E-07
     7   6  -8.717137333778043E-04  1.218781574708769E-08  -5.300228851895517E-05
     7   7  -7.507707211274698E-04  2.538609322755292E-09  -7.373394663402755E-05
     7   8  -6.954390820028749E-04  -1.054000930977850E-08  -2.146405108305327E-05
     7   9  -6.401074428782853E-04  -7.611808294782918E-09  -7.373993060322270E-05
     8   1  -9.187871843360238E-04  5.068731212531929E-09  -3.223387150125268E-05
     8   2  -8.425415892962841E-04  -4.929202024328561E-08  2.005070258900843E-05
     8   3  -7.662959942565392E-04  1.134819105352847E-08  -3.228138683904203E-05
     8   4  -7.354259244164631E-04  -5.625267956082814E-09  -5.298781669826891E-05
     8   5  -6.696419957285954E-04  -1.728108101062276E-08  -7.128203844269931E-07
     8   6  -6.038580670407277E-04  8.606405972980152E-08  -5.305448758918807E-05
     8   7  -5.520667722841172E-04  -1.631926593859134E-08  -7.373749140146546E-05
     8   8  -4.967445099480928E-04  1.472985733386167E-08  -2.147207286416764E-05
     8   9  -4.414222476120788E-04  1.607799344771621E-07  -7.382331784533402E-05
     9   1  -5.817742605124339E-04  -7.199073692731872E-08  -3.213759346165634E-05
     9   2  -5.055186250995563E-04  2.231052675938372E-09  1.997388080626772E-05
     9   3  -4.292629896866865E-04  8.440599867931553E-07  -3.267955888891505E-05
     9   4  -4.675663096347874E-04  -3.115614769774327E-08  -5.294748087135426E-05
     9   5  -4.017871656182628E-04  -1.160720648485380E-07  -6.829170680067165E-07
     9   6  -3.360080216017382E-04  5.666191694570724E-07  -5.318326722825173E-05
     9   7  -3.533507258751383E-04  9.678437606908119E-09  -7.377328205129818E-05
     9   8  -2.980480732549581E-04  -2.343751788203008E-07  -2.135562871277696E-05
     9   9  -2.427454206347830E-04  2.891783483782717E-07  -7.370288933800095E-05
    10   1  -2.448075055882740E-04  -3.637203960238367E-08  -3.175979335673373E-05
    10   2  -1.685910348777119E-04  -1.242139989976465E-06  2.005377607583458E-05
    10   3  -9.237456416714453E-05  2.443122587569846E-06  -3.231928302158127E-05
    10   4  -1.997257839428789E-04  -1.882602684771435E-07  -5.278384179177587E-05
    10   5  -1.339279760853053E-04  -8.034300620352042E-07  -7.985175580482728E-07
    10   6  -6.813016822773514E-05  3.472430662751331E-06  -5.299982185408281E-05
    10   7  -1.546757971226031E-04  -3.401484924836495E-07  -7.374883041087743E-05
    10   8  -9.929665211801629E-05  -3.647201305412295E-07  -2.159175137696201E-05
    10   9  -4.391750711343467E-05  4.501738738671435E-06  -7.362130087329444E-05
    11   1  -1.543194963747375E-03  -7.242330382090795E-07  -8.304254506308686E-05
    11   2  -1.503266695182927E-03  -1.542486469923582E-06  -7.626315383587462E-06
    11   3  -1.463338426618479E-03  2.272919450273941E-07  -1.064936532025624E-04
    11   4  -8.693860622478532E-04  -7.090036723625404E-07  -8.423008120075426E-05
    11   5  -8.468861504332533E-04  -1.474921515091238E-06  -1.191911932100012E-05
    11   6  -8.243862386186537E-04  3.471924887674810E-07  -1.138917249397294E-04
    11   7  -1.959135678467718E-04  -6.937743065073276E-07  -8.541238377951944E-05
    11   8  -1.908420127820203E-04  -1.407356560272771E-06  -1.620668969951750E-05
    11   9  -1.857704577172672E-04  4.670930325145067E-07  -1.212845631179942E-04
    12   1  -1.392025642734930E-03  6.517292057417468E-07  -9.859154437501239E-05
    12   2  -1.346449279867525E-03  -3.903456837484054E-07  -1.970923544418468E-06
    12   3  -1.300872917000120E-03  2.334988026195250E-08  -1.042873315334134E-04
    12   4  -7.844745949211679E-04  7.695229703768586E-07  -1.072025639548835E-04
    12   5  -7.587919349357256E-04  -3.321274365530869E-07  -9.560235483454388E-06
    12   6  -7.331092749502830E-04  2.199260996543603E-08  -1.108549358316488E-04
    12   7  -1.768359340478582E-04  8.873167350875732E-07  -1.158195410864878E-04
    12   8  -1.710469769443761E-04  -2.739091893022572E-07  -1.715550497422696E-05
    12   9  -1.652580198408918E-04  2.063533981536136E-08  -1.174284976815446E-04
    13   1  -1.234631504360715E-03  2.495294272319981E-07  -1.035800076118823E-04
    13   2  -1.188325603415592E-03  -7.680615810023994E-08  -2.511025159669666E-06
    13   3  -1.142019702470473E-03  -1.616620394495616E-08  -1.035634444877531E-04
    13   4  -6.957096213538972E-04  2.337490714191913E-07  -1.101252530126967E-04
    13   5  -6.696158605868055E-04  -8.257580808024301E-08  -9.257883909687126E-06
    13   6  -6.435220998197138E-04  -1.192514738253672E-08  -1.105119165869736E-04
    13   7  -1.568117694374073E-04  2.179687161874000E-07  -1.166694973427987E-04
    13   8  -1.509301488483427E-04  -8.834545761615686E-08  -1.600374158909623E-05
    13   9  -1.450485282592756E-04  -7.684091002380100E-09  -1.174593876156968E-04
    14   1  -1.076282831471133E-03  4.412557164101827E-08  -1.034165575320573E-04
    14   2  -1.029892469150289E-03  -1.336198196533189E-08  -2.257104015968014E-06
    14   3  -9.835021068294457E-04  2.894190442859212E-11  -1.035877191538082E-04
    14   4  -6.064984139067015E-04  5.023277873780144E-08  -1.104519685136696E-04
    14   5  -5.803570584512539E-04  -1.085246525978079E-08  -9.222277740056350E-06
    14   6  -5.542157029958077E-04  -1.059234621048706E-09  -1.104826556203517E-04
    14   7  -1.367076814012668E-04  5.633998578780108E-08  -1.174877392644338E-04
    14   8  -1.308153328112170E-04  -8.342949442408099E-09  -1.618781123335217E-05
    14   9  -1.249229842211643E-04  -2.147411637398733E-09  -1.173779518562068E-04
    15   1  -9.178527366848048E-04  1.073051469901998E-08  -1.035933534603295E-04
    15   2  -8.714545199719509E-04  -2.715176083967208E-09  -2.315582133934069E-06
    15   3  -8.250563032590954E-04  -2.340156624036638E-09  -1.035621632295425E-04
    15   4  -5.172165734537264E-04  9.074855366639034E-09  -1.104814683209887E-04
    15   5  -4.910707919830812E-04  -2.723289815875773E-09  -9.219147421433982E-06
    15   6  -4.649250105124361E-04  -7.007279761691141E-10  -1.104811789439664E-04
    15   7  -1.165820934724091E-04  7.419196368374514E-09  -1.173694184270838E-04
    15   8  -1.106887472439705E-04  -2.731403991873549E-09  -1.612254795466811E-05
    15   9  -1.047954010155285E-04  9.387005062144738E-10  -1.174000299042077E-04
    16   1  -7.594056813091360E-04  2.512656749331654E-10  -1.035588106379909E-04
    16   2  -7.130074864318094E-04  1.814466799032743E-09  -2.298931936844939E-06
    16   3  -6.666092915544872E-04  6.404878072352460E-09  -1.035633103415867E-04
    16   4  -4.279316495788832E-04  1.415808945582861E-09  -1.104826816258342E-04
    16   5  -4.017858804121303E-04  -3.004636539571948E-10  -9.219019662026762E-06
    16   6  -3.756401112453775E-04  1.010473069608062E-09  -1.104796148038434E-04
    16   7  -9.645726979446703E-05  2.580353708481198E-09  -1.174068805610134E-04
    16   8  -9.056392633827854E-05  -2.415393662857923E-09  -1.613943533464168E-05
    16   9  -8.467058288208593E-05  -4.383932217244535E-09  -1.173962472139634E-04
    17   1  -6.009584630791084E-04  2.690396350146784E-09  -1.035685533325725E-04
    17   2  -5.545621521370649E-04  -9.659465671774115E-09  -2.307891654229621E-06
    17   3  -5.081658411950137E-04  -1.122788850782541E-08  -1.035632638620582E-04
    17   4  -3.386452751359382E-04  -3.370449570451480E-10  -1.104846965371276E-04
    17   5  -3.125005675825260E-04  -1.273380956234860E-09  -9.220213534999466E-06
    17   6  -2.863558600291138E-04  8.571727651461716E-09  -1.104717644193481E-04
    17   7  -7.633181287485034E-05  -3.364486467205552E-09  -1.173996983885456E-04
    17   8  -7.043870871006907E-05  7.112706423839654E-09  -1.613139406295150E-05
    17   9  -6.454560454528303E-05  2.837134016608900E-08  -1.173791236235566E-04
    18   1  -4.425046432380867E-04  -1.516591119354871E-08  -1.035762609715718E-04
    18   2  -3.961184826368168E-04  2.000614696129333E-08  -2.300255763851289E-06
    18   3  -3.497323220355481E-04  1.389834023424186E-07  -1.034959790518764E-04
    18   4  -2.493540709005227E-04  -4.471918540110698E-09  -1.104921435404749E-04
    18   5  -2.232150831488651E-04  -1.200478605412059E-08  -9.222943859049648E-06
    18   6  -1.970760953972075E-04  6.426753780910982E-08  -1.104254726735920E-04
    18   7  -5.620501716752644E-05  6.222073523076688E-09  -1.174122966015878E-04
    18   8  -5.031320226547300E-05  -4.401572084589134E-08  -1.614990244698522E-05
    18   9  -4.442138736341478E-05  -1.044831687835313E-08  -1.173592367882254E-04
    19   1  -2.840376883374398E-04  1.541324756715312E-08  -1.035692562298129E-04
    19   2  -2.376727552144907E-04  -2.050007443799018E-07  -2.373882943107475E-06
    19   3  -1.913078220915423E-04  1.591068570228060E-07  -1.035575819801349E-04
    19   4  -1.600610626481475E-04  -2.542132374868817E-08  -1.105448338001580E-04
    19   5  -1.339340367576287E-04  -8.669762596724695E-08  -9.237404447595687E-06
    19   6  -1.078070108671099E-04  4.365476630025737E-07  -1.103090474194046E-04
    19   7  -3.607907656823987E-05  -6.625589854536429E-08  -1.175044976013118E-04
    19   8  -3.018995791014196E-05  3.160548889269421E-08  -1.608501218364200E-05
    19   9  -2.430083925203949E-05  7.139884652396233E-07  -1.170445990897051E-04
    20   1  -1.256091684961309E-04  -3.019395862224883E-07  -1.035753897278002E-04
    20   2  -7.916143254222113E-05  -1.818527879393628E-07  -2.240826866825585E-06
    20   3  -3.271369658831283E-05  3.727380855300666E-06  -1.036467637932220E-04
    20   4  -7.076662785855496E-05  -1.500513844204429E-07  -1.106602818651270E-04
    20   5  -4.459294188339982E-05  -6.205627167688021E-07  -9.182041950814290E-06
    20   6  -1.841925590824467E-05  2.698072783599410E-06  -1.104443018239976E-04
    20   7  -1.594761098403451E-05  1.836822249856596E-09  -1.178042338146890E-04
    20   8  -1.004797498762276E-05  -1.059272642045528E-06  -1.618231684839821E-05
    20   9  -4.148338991206025E-06  1.668764708862014E-06  -1.173008996697422E-04
    21   1  1.959135678463631E-04  6.937743060458912E-07  -8.541238377964997E-05
    21   2  1.908420127815374E-04  1.407356559887663E-06  -1.620668969966842E-05
    21   3  1.857704577167118E-04  -4.670930302576315E-07  -1.212845631178693E-04
    21   4  8.693860622474179E-04  7.090036719132470E-07  -8.423008120100189E-05
    21   5  8.468861504327750E-04  1.474921514778987E-06  -1.191911932102788E-05
    21   6  8.243862386181323E-04  -3.471924863388681E-07  -1.138917249392281E-04
    21   7  1.543194963746912E-03  7.242330377858069E-07  -8.304254506345246E-05
    21   8  1.503266695182452E-03  1.542486469663373E-06  -7.626315383486848E-06
    21   9  1.463338426617992E-03  -2.272919424634728E-07  -1.064936532016829E-04
    22   1  1.768359340473268E-04  -8.873167332279497E-07  -1.158195410865745E-04
    22   2  1.710469769439044E-04  2.739091885806122E-07  -1.715550497419227E-05
    22   3  1.652580198404818E-04  -2.063533818819074E-08  -1.174284976816001E-04
    22   4  7.844745949206351E-04  -7.695229683707932E-07  -1.072025639554247E-04
    22   5  7.587919349352412E-04  3.321274358869530E-07  -9.560235483454388E-06
    22   6  7.331092749498471E-04  -2.199260871022127E-08  -1.108549358312047E-04
    22   7  1.392025642734395E-03  -6.517292035213007E-07  -9.859154437607057E-05
    22   8  1.346449279867031E-03  3.903456832488050E-07  -1.970923544460101E-06
    22   9  1.300872916999666E-03  -2.334987878049866E-08  -1.042873315325217E-04
    23   1  1.568117694363178E-04  -2.179687143000208E-07  -1.166694973429860E-04
    23   2  1.509301488475929E-04  8.834545717206765E-08  -1.600374158881868E-05
    23   3  1.450485282588678E-04  7.684088101922448E-09  -1.174593876162311E-04
    23   4  6.957096213528998E-04  -2.337490698907831E-07  -1.101252530129812E-04
    23   5  6.696158605860253E-04  8.257580685899768E-08  -9.257883909548348E-06
    23   6  6.435220998191522E-04  1.192514419249710E-08  -1.105119165876328E-04
    23   7  1.234631504359801E-03  -2.495294253446190E-07  -1.035800076124166E-04
    23   8  1.188325603414783E-03  7.680615699001692E-08  -2.511025159752933E-06
    23   9  1.142019702469762E-03  1.616619994815327E-08  -1.035634444885372E-04
    24   1  1.367076813998681E-04  -5.633998778620253E-08  -1.174877392651763E-04
    24   2  1.308153328094299E-04  8.342949886497308E-09  -1.618781123339380E-05
    24   3  1.249229842189918E-04  2.147410804731464E-09  -1.173779518555962E-04
    24   4  6.064984139053709E-04  -5.023278030084130E-08  -1.104519685138639E-04
    24   5  5.803570584495426E-04  1.085246681409302E-08  -9.222277740084106E-06
    24   6  5.542157029937160E-04  1.059235389477191E-09  -1.104826556201643E-04
    24   7  1.076282831469855E-03  -4.412557386146432E-08  -1.034165575316340E-04
    24   8  1.029892469148645E-03  1.336198285351031E-08  -2.257104015884748E-06
    24   9  9.835021068274287E-04  -2.894057216096257E-11  -1.035877191539192E-04
    25   1  1.165820934708039E-04  -7.419199921088193E-09  -1.173694184272711E-04
    25   2  1.106887472415573E-04  2.731399995070660E-09  -1.612254795531343E-05
    25   3  1.047954010123099E-04  -9.386901811403447E-10  -1.174000299040134E-04
    25   4  5.172165734519201E-04  -9.074858587335322E-09  -1.104814683217728E-04
    25   5  4.910707919806201E-04  2.723287151340514E-09  -9.219147421558882E-06
    25   6  4.649250105093206E-04  7.007409647289844E-10  -1.104811789417598E-04
    25   7  9.178527366827840E-04  -1.073051647537682E-08  -1.035933534618144E-04
    25   8  8.714545199694423E-04  2.715174307610368E-09  -2.315582133399774E-06
    25   9  8.250563032560949E-04  2.340172722270495E-09  -1.035621632254208E-04
    26   1  9.645726979073043E-05  -2.580338609448063E-09  -1.174068805605832E-04
    26   2  9.056392633637381E-05  2.415398991928441E-09  -1.613943533292084E-05
    26   3  8.467058288201567E-05  4.383924334661060E-09  -1.173962472155177E-04
    26   4  4.279316495754810E-04  -1.415792896307713E-09  -1.104826816265697E-04
    26   5  4.017858804101319E-04  3.004645421356145E-10  -9.219019661485528E-06
    26   6  3.756401112447821E-04  -1.010487662488394E-09  -1.104796148062304E-04
    26   7  7.594056813060744E-04  -2.512470231863517E-10  -1.035588106406554E-04
    26   8  7.130074864297451E-04  -1.814469907657212E-09  -2.298931938066184E-06
    26   9  6.666092915534117E-04  -6.404901276013675E-09  -1.035633103451811E-04
    27   1  7.633181287219405E-05  3.364484690848712E-09  -1.173996983892395E-04
    27   2  7.043870870866026E-05  -7.112698430233877E-09  -1.613139406246578E-05
    27   3  6.454560454512495E-05  -2.837135959499193E-08  -1.173791236259991E-04
    27   4  3.386452751337212E-04  3.370353900510030E-10  -1.104846965351569E-04
    27   5  3.125005675811096E-04  1.273383176680909E-09  -9.220213534708033E-06
    27   6  2.863558600284997E-04  -8.571743213660196E-09  -1.104717644250935E-04
    27   7  6.009584630773160E-04  -2.690415001893598E-09  -1.035685533273545E-04
    27   8  5.545621521356368E-04  9.659465671774115E-09  -2.307891653785532E-06
    27   9  5.081658411939486E-04  1.122787030016781E-08  -1.035632638706208E-04
    28   1  5.620501716479230E-05  -6.222087733931403E-09  -1.174122966024482E-04
    28   2  5.031320226312071E-05  4.401573239221079E-08  -1.614990244623582E-05
    28   3  4.442138736144804E-05  1.044831110519340E-08  -1.173592367881698E-04
    28   4  2.493540708981496E-04  4.471906695863447E-09  -1.104921435367417E-04
    28   5  2.232150831466585E-04  1.200478827456664E-08  -9.222943858674948E-06
    28   6  1.970760953951640E-04  -6.426756763897007E-08  -1.104254726788517E-04
    28   7  4.425046432360480E-04  1.516589875905083E-08  -1.035762609640917E-04
    28   8  3.961184826347518E-04  -2.000615229036384E-08  -2.300255764448034E-06
    28   9  3.497323220334446E-04  -1.389834434206705E-07  -1.034959790626733E-04
    29   1  3.607907656650190E-05  6.625587722908222E-08  -1.175044976008677E-04
    29   2  3.018995790739069E-05  -3.160547734637476E-08  -1.608501218468283E-05
    29   3  2.430083924827883E-05  -7.139884616869097E-07  -1.170445990881092E-04
    29   4  1.600610626460676E-04  2.542129125829700E-08  -1.105448337948289E-04
    29   5  1.339340367549641E-04  8.669762863178221E-08  -9.237404448081410E-06
    29   6  1.078070108638625E-04  -4.365476572614542E-07  -1.103090474211532E-04
    29   7  2.840376883349138E-04  -1.541329730514462E-08  -1.035692562198348E-04
    29   8  2.376727552118312E-04  2.050007372744744E-07  -2.373882942413585E-06
    29   9  1.913078220887395E-04  -1.591068543582708E-07  -1.035575819844092E-04
    30   1  1.594761098285880E-05  -1.836811591715559E-09  -1.178042338121632E-04
    30   2  1.004797498497514E-05  1.059272648262777E-06  -1.618231684924476E-05
    30   3  4.148338987090610E-06  -1.668764748607998E-06  -1.173008996695618E-04
    30   4  7.076662785706483E-05  1.500513919866867E-07  -1.106602818615188E-04
    30   5  4.459294188085845E-05  6.205627238742295E-07  -9.182041951522057E-06
    30   6  1.841925590465466E-05  -2.698072815202228E-06  -1.104443018245943E-04
    30   7  1.256091684946267E-04  3.019396022096998E-07  -1.035753897230818E-04
    30   8  7.916143254012038E-05  1.818527994856822E-07  -2.240826867311307E-06
    30   9  3.271369658560340E-05  -3.727380881946019E-06  -1.036467637948457E-04
    31   1  1.935186698208555E-03  8.127648577788832E-07  -8.621601208096434E-05
    31   2  1.885830171979339E-03  1.773772128149664E-06  -6.456851543074071E-06
    31   3  1.836473645750123E-03  -1.034239684814114E-07  -7.641541307509131E-05
    31   4  2.608896311250061E-03  7.975354919063232E-07  -8.300830094081337E-05
    31   5  2.544568012813857E-03  1.706207173247931E-06  6.681381963901181E-06
    31   6  2.480239714377653E-03  -2.233245124331346E-07  -5.334665720127182E-05
    31   7  3.283627358561921E-03  7.823061260372327E-07  -7.980582335956636E-05
    31   8  3.204327287918728E-03  1.638642218339259E-06  1.981438191198115E-05
    31   9  3.125027217275532E-03  -3.432250563328160E-07  -3.028313488638579E-05
    32   1  1.743238637552006E-03  -6.479767780398493E-07  -8.248581100854524E-05
    32   2  1.688664458244275E-03  3.202228588683464E-07  -2.262804756596182E-05
    32   3  1.634090278936549E-03  -5.890732419563949E-08  -7.304246803777753E-05
    32   4  2.342506470089794E-03  -7.657705430975087E-07  -5.674868999282212E-05
    32   5  2.276905072390634E-03  2.620046114509833E-07  2.135879038460409E-07
    32   6  2.211303674691475E-03  -5.755005423985391E-08  -5.309631811384677E-05
    32   7  2.941498227371201E-03  -8.835643080518096E-07  -3.100561142540051E-05
    32   8  2.864869611280610E-03  2.037863640336202E-07  2.306118092541484E-05
    32   9  2.788240995190006E-03  -5.619278403701244E-08  -3.314421063818629E-05
    33   1  1.545447710236333E-03  -2.462640918965420E-07  -7.291516941768106E-05
    33   2  1.490199590940901E-03  9.432488967675567E-08  -2.082984794178622E-05
    33   3  1.434951471645472E-03  2.532436360613843E-08  -7.392171368676703E-05
    33   4  2.074675228066315E-03  -2.304837366369951E-07  -5.340141789117459E-05
    33   5  2.008909390048799E-03  1.000945396567587E-07  -6.194924943928037E-07
    33   6  1.943143552031282E-03  2.108330994602824E-08  -5.301475431849362E-05
    33   7  2.603976502183455E-03  -2.147033811850108E-07  -3.388866743524177E-05
    33   8  2.527692945443855E-03  1.058641900808510E-07  1.958986188252410E-05
    33   9  2.451409388704245E-03  1.684225503506553E-08  -3.210879602070366E-05
    34   1  1.346850932093305E-03  -4.432609368443252E-08  -7.412631894586352E-05
    34   2  1.291524788218520E-03  8.490927072557497E-09  -2.161385204445254E-05
    34   3  1.236198644343741E-03  -2.548517785694315E-09  -7.368870550428924E-05
    34   4  1.806862894306307E-03  -5.043329990176491E-08  -5.302554686808375E-05
    34   5  1.741078018395429E-03  5.981412476430137E-09  -7.165431353192697E-07
    34   6  1.675293142484544E-03  -1.460342157123072E-09  -5.299485976356655E-05
    34   7  2.266855148767126E-03  -5.654050694303692E-08  -3.192441502113119E-05
    34   8  2.190611540820150E-03  3.471897214168962E-09  2.018112554300067E-05
    34   9  2.114367932873163E-03  -3.721672414691568E-10  -3.230065425388617E-05
    35   1  1.148165451267925E-03  -1.056654985731598E-08  -7.364951434893352E-05
    35   2  1.092832051590731E-03  4.010933585263388E-09  -2.143431367207516E-05
    35   3  1.037498651913529E-03  2.899387563370937E-09  -7.375157910369246E-05
    35   4  1.538999313443997E-03  -8.910894078698229E-09  -5.299147579047869E-05
    35   5  1.473212667155973E-03  4.019046428993533E-09  -7.253874274235073E-07
    35   6  1.407426020867943E-03  1.259955750318275E-09  -5.299176517278847E-05
    35   7  1.929838421279007E-03  -7.255237299830242E-09  -3.233360198653945E-05
    35   8  1.853598528380162E-03  4.027159716812889E-09  1.998337406276807E-05
    35   9  1.777358635481286E-03  -3.794748404395420E-10  -3.223211599634457E-05
    36   1  9.494687246167340E-04  -2.388924613683230E-10  -7.376283294677211E-05
    36   2  8.941353451145523E-04  -2.000538845692290E-09  -2.148514264876944E-05
    36   3  8.388019656123792E-04  -7.194808637756012E-09  -7.374007088431500E-05
    36   4  1.271144171789619E-03  -1.403440665958036E-09  -5.299027515964783E-05
    36   5  1.205357530434121E-03  1.143884986731791E-10  -7.254993051597491E-07
    36   6  1.139570889078623E-03  -1.800402795791903E-09  -5.299334198391459E-05
    36   7  1.592818361844379E-03  -2.567989376700552E-09  -3.221738942502106E-05
    36   8  1.516578458635568E-03  2.229318507573907E-09  2.003447198628550E-05
    36   9  1.440338555426735E-03  3.594004871487755E-09  -3.224628513612271E-05
    37   1  7.507707211260603E-04  -2.538614651825810E-09  -7.373394663012789E-05
    37   2  6.954390820014750E-04  1.054000753342166E-08  -2.146405108222060E-05
    37   3  6.401074428768984E-04  7.611797747664184E-09  -7.373993061293715E-05
    37   4  1.003286166640667E-03  4.888279685576176E-10  -5.298935640747626E-05
    37   5  9.374999500082176E-04  2.153921929703984E-09  -7.229349290732712E-07
    37   6  8.717137333757678E-04  -1.218781598820843E-08  -5.300228852962718E-05
    37   7  1.255801424816636E-03  3.516271718240205E-09  -3.224590753735102E-05
    37   8  1.179560630676317E-03  -6.232164562192111E-09  2.001703987131176E-05
    37   9  1.103319836535984E-03  -3.198743248056246E-08  -3.226578779855216E-05
    38   1  5.520667722823790E-04  1.631926060952082E-08  -7.373749139222285E-05
    38   2  4.967445099460979E-04  -1.472985644568325E-08  -2.147207286321007E-05
    38   3  4.414222476098167E-04  -1.607799353653405E-07  -7.382331785854568E-05
    38   4  7.354259244154067E-04  5.625270100645673E-09  -5.298781668754138E-05
    38   5  6.696419957267323E-04  1.728108367515802E-08  -7.128203837747371E-07
    38   6  6.038580670380597E-04  -8.606407423858403E-08  -5.305448760388465E-05
    38   7  9.187871843356274E-04  -5.068722330747732E-09  -3.223387148995616E-05
    38   8  8.425415892945615E-04  4.929202379599928E-08  2.005070258873087E-05
    38   9  7.662959942534749E-04  -1.134820704074002E-08  -3.228138685656967E-05
    39   1  3.533507258723350E-04  -9.678446488692316E-09  -7.377328203977962E-05
    39   2  2.980480732523152E-04  2.343751912547987E-07  -2.135562871230512E-05
    39   3  2.427454206322998E-04  -2.891783754677135E-07  -7.370288934199776E-05
    39   4  4.675663096314221E-04  3.115613718976801E-08  -5.294748085575562E-05
    39   5  4.017871656156972E-04  1.160720719539654E-07  -6.829170687144837E-07
    39   6  3.360080215999792E-04  -5.666191870306367E-07  -5.318326723872946E-05
    39   7  5.817742605084067E-04  7.199071561103665E-08  -3.213759344183886E-05
    39   8  5.055186250969932E-04  -2.231042905975755E-09  1.997388080496321E-05
    39   9  4.292629896855554E-04  -8.440600014480992E-07  -3.267955890512431E-05
    40   1  1.546757971209439E-04  3.401484729437243E-07  -7.374883040484059E-05
    40   2  9.929665211637004E-05  3.647201385348353E-07  -2.159175138147229E-05
    40   3  4.391750711180229E-05  -4.501738772422215E-06  -7.362130087076868E-05
    40   4  1.997257839406151E-04  1.882602529507486E-07  -5.278384178009077E-05
    40   5  1.339279760848092E-04  8.034300691406315E-07  -7.985175608099526E-07
    40   6  6.813016822900843E-05  -3.472430703235934E-06  -5.299982185386076E-05
    40   7  2.448075055857223E-04  3.637203604966999E-08  -3.175979334020529E-05
    40   8  1.685910348787041E-04  1.242139999746428E-06  2.005377607447456E-05
    40   9  9.237456417166348E-05  -2.443122632644901E-06  -3.231928302360743E-05

====={Stress@IntegralPoint}=================
     1   1  -6.895617452981309E+02  -1.642842864809334E-01  -8.379611452696683E+00
     1   2  -6.729087304630316E+02  -3.441148658512444E-01  2.080510100761481E+00
     1   3  -6.562557156279317E+02  7.207726196795800E-02  -3.179729163183256E+00
     1   4  -5.478682253626279E+02  -1.674824533185425E-01  -8.715871598729576E+00
     1   5  -5.343592826910091E+02  -3.583035063915371E-01  7.015451062176384E-01
     1   6  -5.208503400193904E+02  4.689814771660292E-02  -5.601399006238458E+00
     1   7  -4.063892066238990E+02  -1.706806201543301E-01  -9.052681268447751E+00
     1   8  -3.960243361157607E+02  -3.724921469332870E-01  -6.779694120113023E-01
     1   9  -3.856594656076226E+02  2.171903347617660E-02  -8.023618372977847E+00
     2   1  -6.177146277480491E+02  1.855485048132821E-01  -3.255589199545744E+00
     2   2  -6.016226183690435E+02  -4.279513651700428E-02  2.421423997175480E+00
     2   3  -5.855306089900386E+02  1.180048441098286E-02  -3.480142117052547E+00
     2   4  -4.919263587189584E+02  1.608118141744883E-01  -5.958612449126471E+00
     2   5  -4.781500652021430E+02  -5.502096841053516E-02  2.242672989581987E-02
     2   6  -4.643737716853278E+02  1.208551121389975E-02  -5.575113402031141E+00
     2   7  -3.660801138860291E+02  1.360751235340851E-01  -8.661010155777397E+00
     2   8  -3.546195362314032E+02  -6.724680031572339E-02  -2.375944994447848E+00
     2   9  -3.431589585767773E+02  1.237053812698508E-02  -7.669459144062450E+00
     3   1  -5.468350654586296E+02  4.508771000222289E-02  -3.558310080669057E+00
     3   2  -5.308155185433664E+02  -2.223147968383188E-02  2.056935497659201E+00
     3   3  -5.147959716281028E+02  -3.536873971199395E-03  -3.371423582074068E+00
     3   4  -4.356817978940654E+02  4.840158467084312E-02  -5.607148878518688E+00
     3   5  -4.218709719104118E+02  -2.101985314140187E-02  -6.504671193091616E-02
     3   6  -4.080601459267584E+02  -4.427495531256079E-03  -5.566549203391558E+00
     3   7  -3.245440191498035E+02  5.171545939153255E-02  -7.656092788773453E+00
     3   8  -3.129419140977592E+02  -1.980822659897186E-02  -2.187134033927625E+00
     3   9  -3.013398090457150E+02  -5.318117103358944E-03  -7.761779937131667E+00
     4   1  -4.760395812414557E+02  1.187350603837345E-02  -3.352063577438807E+00
     4   2  -4.600284235725294E+02  -7.290979020524446E-04  2.119018182002684E+00
     4   3  -4.440172659036037E+02  7.815589009307899E-05  -3.391568696757864E+00
     4   4  -3.794412078046416E+02  1.059099251124416E-02  -5.567682421311996E+00
     4   5  -3.656263838633577E+02  -1.256096340274127E-03  -7.523702918375147E-02
     4   6  -3.518115599220731E+02  3.066724223727873E-04  -5.564460275259004E+00
     4   7  -2.828386957398697E+02  9.308478927660957E-03  -7.783263489436615E+00
     4   8  -2.712202055262260E+02  -1.783094778495808E-03  -2.269454464623802E+00
     4   9  -2.596017153125833E+02  5.351888282545403E-04  -7.737314078022500E+00
     5   1  -4.052660684692524E+02  1.523600672292957E-03  -3.395028208471526E+00
     5   2  -3.892556909604822E+02  -8.457035871600738E-04  2.098254276628533E+00
     5   3  -3.732453134517119E+02  7.968951831749393E-05  -3.384372179879927E+00
     5   4  -3.231898558237997E+02  1.871288152655849E-03  -5.564104957901176E+00
     5   5  -3.093746601033513E+02  -8.439996568299080E-04  -7.616567985032491E-02
     5   6  -2.955594643829025E+02  -2.645904979550846E-04  -5.564135343396337E+00
     5   7  -2.411147447667270E+02  2.218975936330025E-03  -7.733199006527275E+00
     5   8  -2.294947308345988E+02  -8.422957264997422E-04  -2.250602935535833E+00
     5   9  -2.178747169024726E+02  -6.088705956086571E-04  -7.743915806141255E+00
     6   1  -3.344918559873304E+02  5.392781421420523E-04  -3.382825889382407E+00
     6   2  -3.184814763139567E+02  -4.681566068143184E-04  2.103619558385117E+00
     6   3  -3.024710966405825E+02  -7.547427249843253E-04  -3.385859938401098E+00
     6   4  -2.669402760760954E+02  2.947231590663136E-04  -5.563978891480331E+00
     6   5  -2.531250813916313E+02  -2.402121168643134E-05  -7.617742724723431E-02
     6   6  -2.393098867071669E+02  3.780832478980101E-04  -5.564300907566419E+00
     6   7  -1.993884321700527E+02  5.016797643975224E-05  -7.745097459061351E+00
     6   8  -1.877684224744995E+02  4.201142767001897E-04  -2.255939978358310E+00
     6   9  -1.761484127789468E+02  1.510909440893826E-03  -7.742707442235236E+00
     7   1  -2.637182992114174E+02  -7.384181799352518E-04  -3.385820292122754E+00
     7   2  -2.477077324422674E+02  1.308755677165152E-03  2.101789186315789E+00
     7   3  -2.316971656731165E+02  6.717362079911027E-03  -3.387907717690986E+00
     7   4  -2.106900949946502E+02  -1.026549498785298E-04  -5.563882423296473E+00
     7   5  -1.968749895019931E+02  -4.523229524266981E-04  -7.590816765323805E-02
     7   6  -1.830598840093389E+02  2.559441306888414E-03  -5.565240294490293E+00
     7   7  -1.576618514367687E+02  5.331079577786113E-04  -7.742064396572893E+00
     7   8  -1.460422072206037E+02  -2.213401955053484E-03  -2.253725363720593E+00
     7   9  -1.344225630044399E+02  -1.598479741904413E-03  -7.742692713338384E+00
     8   1  -1.929453087105650E+02  1.064433554631705E-03  -3.384556507631531E+00
     8   2  -1.769337337522197E+02  -1.035132425108998E-02  2.105323771845885E+00
     8   3  -1.609221587938733E+02  2.383120121240978E-03  -3.389545618099413E+00
     8   4  -1.544394441274573E+02  -1.181306270777391E-03  -5.563720753318235E+00
     8   5  -1.406248191030050E+02  -3.629027012230779E-03  -7.484614036483428E-02
     8   6  -1.268101940785528E+02  1.807345254325832E-02  -5.570721196864747E+00
     8   7  -1.159340221796646E+02  -3.427045847104182E-03  -7.742436597153874E+00
     8   8  -1.043163470890995E+02  3.093270040110951E-03  -2.254567650737602E+00
     8   9  -9.269867199853654E+01  3.376378624020404E-02  -7.751448373760073E+00
     9   1  -1.221725947076111E+02  -1.511805475473693E-02  -3.374447313473916E+00
     9   2  -1.061589112709068E+02  4.685210619470581E-04  2.097257484658110E+00
     9   3  -9.014522783420416E+01  1.772525972265626E-01  -3.431353683336080E+00
     9   4  -9.818892502330536E+01  -6.542791016526087E-03  -5.559485491492197E+00
     9   5  -8.437530477983519E+01  -2.437513361819299E-02  -7.170629214070523E-02
     9   6  -7.056168453636504E+01  1.189900255859852E-01  -5.584243058966432E+00
     9   7  -7.420365243377904E+01  2.032471897450705E-03  -7.746194615386309E+00
     9   8  -6.259009538354120E+01  -4.921878755226317E-02  -2.242341014841581E+00
     9   9  -5.097653833330443E+01  6.072745315943706E-02  -7.738803380490101E+00
    10   1  -5.140957617353754E+01  -7.638128316500570E-03  -3.334778302457042E+00
    10   2  -3.540411732431949E+01  -2.608493978950577E-01  2.105646487962631E+00
    10   3  -1.939865847510035E+01  5.130557433896676E-01  -3.393524717266033E+00
    10   4  -4.194241462800457E+01  -3.953465638020014E-02  -5.542303388136466E+00
    10   5  -2.812487497791411E+01  -1.687203130273929E-01  -8.384434359506865E-02
    10   6  -1.430733532782438E+01  7.292104391777794E-01  -5.564981294678695E+00
    10   7  -3.248191739574666E+01  -7.143118342156640E-02  -7.743627193142130E+00
    10   8  -2.085229694478342E+01  -7.659122741365820E-02  -2.267133894581011E+00
    10   9  -9.222676493821281E+00  9.453651351210013E-01  -7.730236591695916E+00
    11   1  -3.240709423869487E+02  -1.520889380239067E-01  -8.719467231624121E+00
    11   2  -3.156860059884146E+02  -3.239221586839522E-01  -8.007631152766835E-01
    11   3  -3.073010695898806E+02  4.773130845575277E-02  -1.118183358626905E+01
    11   4  -1.825710730720492E+02  -1.488907711961335E-01  -8.844158526079198E+00
    11   5  -1.778460915909832E+02  -3.097335181691599E-01  -1.251507528705013E+00
    11   6  -1.731211101099173E+02  7.291042264117101E-02  -1.195863111867159E+01
    11   7  -4.114184924782208E+01  -1.456926043665388E-01  -8.968300296849542E+00
    11   8  -4.007682268422427E+01  -2.955448776572819E-01  -1.701702418449337E+00
    11   9  -3.901179612062611E+01  9.808953682804641E-02  -1.273487912738939E+01
    12   1  -2.923253849743353E+02  1.368631332057668E-01  -1.035211215937630E+01
    12   2  -2.827543487721802E+02  -8.197259358716513E-02  -2.069469721639391E-01
    12   3  -2.731833125700251E+02  4.903474855010026E-03  -1.095016981100840E+01
    12   4  -1.647396649334453E+02  1.615998237791403E-01  -1.125626921526277E+01
    12   5  -1.593463063365024E+02  -6.974676167614824E-02  -1.003824725762711E+00
    12   6  -1.539529477395594E+02  4.618448092741566E-03  -1.163976826232312E+01
    12   7  -3.713554615005022E+01  1.863365143683904E-01  -1.216105181408122E+01
    12   8  -3.591986515831898E+01  -5.752092975347400E-02  -1.801328022293831E+00
    12   9  -3.470418416658728E+01  4.333421361225887E-03  -1.232999225656218E+01
    13   1  -2.592726159157502E+02  5.240117971871960E-02  -1.087590079924764E+01
    13   2  -2.495483767172743E+02  -1.612929320105039E-02  -2.636576417653150E-01
    13   3  -2.398241375187993E+02  -3.394902828440793E-03  -1.087416167121408E+01
    13   4  -1.460990204843184E+02  4.908730499803017E-02  -1.156315156633315E+01
    13   5  -1.406193307232292E+02  -1.734091969685103E-02  -9.720778105171481E-01
    13   6  -1.351396409621399E+02  -2.504280950332712E-03  -1.160375124163223E+01
    13   7  -3.293047158185554E+01  4.577343039935400E-02  -1.225029722099386E+01
    13   8  -3.169533125815196E+01  -1.855254609939294E-02  -1.680392866855104E+00
    13   9  -3.046019093444787E+01  -1.613659110499821E-03  -1.233323569964816E+01
    14   1  -2.260193946089380E+02  9.266370044613836E-03  -1.085873854086601E+01
    14   2  -2.162774185215606E+02  -2.806016212719697E-03  -2.369959216766415E-01
    14   3  -2.065354424341836E+02  6.077799930004346E-06  -1.087671051114986E+01
    14   4  -1.273646669204073E+02  1.054888353493830E-02  -1.159745669393530E+01
    14   5  -1.218749822747633E+02  -2.279017704553965E-03  -9.683391627059168E-01
    14   6  -1.163852976291196E+02  -2.224392704202282E-04  -1.160067884013693E+01
    14   7  -2.870861309426603E+01  1.183139701543823E-02  -1.233621262276555E+01
    14   8  -2.747121989035557E+01  -1.752019382905701E-03  -1.699720179501978E+00
    14   9  -2.623382668644450E+01  -4.509564438537339E-04  -1.232468494490172E+01
    15   1  -1.927490747038090E+02  2.253408086794195E-03  -1.087730211333460E+01
    15   2  -1.830054491941097E+02  -5.701869776331137E-04  -2.431361240630772E-01
    15   3  -1.732618236844100E+02  -4.914328910476939E-04  -1.087402713910196E+01
    15   4  -1.086154804252825E+02  1.905719626994197E-03  -1.160055417370381E+01
    15   5  -1.031248663164471E+02  -5.718908613339124E-04  -9.680104792505682E-01
    15   6  -9.763425220761158E+01  -1.471528749955140E-04  -1.160052378911647E+01
    15   7  -2.448223962920592E+01  1.558031237358648E-03  -1.232378893484380E+01
    15   8  -2.324463692123381E+01  -5.735948382934453E-04  -1.692867535240151E+00
    15   9  -2.200703421326098E+01  1.971271063050395E-04  -1.232700313994181E+01
    16   1  -1.594751930749185E+02  5.276579173596474E-05  -1.087367511698904E+01
    16   2  -1.497315721506800E+02  3.810380277968761E-04  -2.413878533687186E-01
    16   3  -1.399879512264423E+02  1.345024395194017E-03  -1.087414758586661E+01
    16   4  -8.986564641156546E+01  2.973198785724008E-04  -1.160068157071259E+01
    16   5  -8.437503488654737E+01  -6.309736733101090E-05  -9.679970645128100E-01
    16   6  -7.888442336152927E+01  2.121993446176929E-04  -1.160035955440356E+01
    16   7  -2.025602665683808E+01  5.418742787810515E-04  -1.232772245890641E+01
    16   8  -1.901842453103849E+01  -5.072326692001639E-04  -1.694640710137377E+00
    16   9  -1.778082240523804E+01  -9.206257656213523E-04  -1.232660595746615E+01
    17   1  -1.262012772466128E+02  5.649832335308247E-04  -1.087469809992012E+01
    17   2  -1.164580519487836E+02  -2.028487791072564E-03  -2.423286236941102E-01
    17   3  -1.067148266509529E+02  -2.357856586643337E-03  -1.087414270551611E+01
    17   4  -7.111550777854701E+01  -7.077944097948107E-05  -1.160089313639839E+01
    17   5  -6.562511919233046E+01  -2.674100008093205E-04  -9.681224211749440E-01
    17   6  -6.013473060611389E+01  1.800062806806960E-03  -1.159953526403156E+01
    17   7  -1.602968070371857E+01  -7.065421581131659E-04  -1.232696833079729E+01
    17   8  -1.479212882911450E+01  1.493668349006327E-03  -1.693796376609907E+00
    17   9  -1.355457695450944E+01  5.957981434878690E-03  -1.232480798047345E+01
    18   1  -9.292597507999821E+01  -3.184841350645229E-03  -1.087550740201504E+01
    18   2  -8.318488135373153E+01  4.201290861871598E-03  -2.415268552043853E-01
    18   3  -7.344378762746511E+01  2.918651449190790E-02  -1.086707780044702E+01
    18   4  -5.236435488910976E+01  -9.391028934232467E-04  -1.160167507174986E+01
    18   5  -4.687516746126167E+01  -2.521005071365323E-03  -9.684091052002131E-01
    18   6  -4.138598003341358E+01  1.349618293991306E-02  -1.159467463072716E+01
    18   7  -1.180305360518055E+01  1.306635439846104E-03  -1.232829114316672E+01
    18   8  -1.056577247574933E+01  -9.243301377637181E-03  -1.695739756933448E+00
    18   9  -9.328491346317104E+00  -2.194146544454156E-03  -1.232271986276366E+01
    19   1  -5.964791455086235E+01  3.236781989102155E-03  -1.087477190413036E+01
    19   2  -4.991127859504306E+01  -4.305015631977938E-02  -2.492577090262849E-01
    19   3  -4.017464263922389E+01  3.341243997478927E-02  -1.087354610791416E+01
    19   4  -3.361282315611097E+01  -5.338477987224515E-03  -1.160720754901659E+01
    19   5  -2.812614771910202E+01  -1.820650145312186E-02  -9.699274669975472E-01
    19   6  -2.263947228209307E+01  9.167500923054048E-02  -1.158244997903748E+01
    19   7  -7.576606079330373E+00  -1.391373869452650E-02  -1.233797224813773E+01
    19   8  -6.339891161129811E+00  6.637152667465784E-03  -1.688926279282410E+00
    19   9  -5.103176242928294E+00  1.499375777003209E-01  -1.228968290441904E+01
    20   1  -2.637792538418750E+01  -6.340731310672254E-02  -1.087541592141902E+01
    20   2  -1.662390083386644E+01  -3.818908546726618E-02  -2.352868210166864E-01
    20   3  -6.869876283545693E+00  7.827499796131399E-01  -1.088291019828831E+01
    20   4  -1.486099185029654E+01  -3.151079072829301E-02  -1.161932959583833E+01
    20   5  -9.364517795513962E+00  -1.303181705214485E-01  -9.641144048355005E-01
    20   6  -3.868043740731380E+00  5.665952845558760E-01  -1.159665169151974E+01
    20   7  -3.348998306647248E+00  3.857326724698851E-04  -1.236944455054234E+01
    20   8  -2.110074747400780E+00  -2.224472548295608E-01  -1.699143269081813E+00
    20   9  -8.711511881532652E-01  3.504405888610229E-01  -1.231659446532293E+01
    21   1  4.114184924773625E+01  1.456926042696371E-01  -8.968300296863248E+00
    21   2  4.007682268412285E+01  2.955448775764091E-01  -1.701702418465184E+00
    21   3  3.901179612050949E+01  -9.808953635410261E-02  -1.273487912737628E+01
    21   4  1.825710730719578E+02  1.488907711017819E-01  -8.844158526105199E+00
    21   5  1.778460915908827E+02  3.097335181035873E-01  -1.251507528707927E+00
    21   6  1.731211101098078E+02  -7.291042213116231E-02  -1.195863111861895E+01
    21   7  3.240709423868515E+02  1.520889379350195E-01  -8.719467231662508E+00
    21   8  3.156860059883149E+02  3.239221586293084E-01  -8.007631152661190E-01
    21   9  3.073010695897784E+02  -4.773130791732930E-02  -1.118183358617670E+01
    22   1  3.713554614993862E+01  -1.863365139778694E-01  -1.216105181409032E+01
    22   2  3.591986515821991E+01  5.752092960192856E-02  -1.801328022290188E+00
    22   3  3.470418416650118E+01  -4.333421019520056E-03  -1.232999225656801E+01
    22   4  1.647396649333334E+02  -1.615998233578666E-01  -1.125626921531959E+01
    22   5  1.593463063364007E+02  6.974676153626014E-02  -1.003824725762711E+00
    22   6  1.539529477394679E+02  -4.618447829146467E-03  -1.163976826227649E+01
    22   7  2.923253849742230E+02  -1.368631327394731E-01  -1.035211215948741E+01
    22   8  2.827543487720766E+02  8.197259348224906E-02  -2.069469721683107E-01
    22   9  2.731833125699299E+02  -4.903474543904718E-03  -1.095016981091478E+01
    23   1  3.293047158162674E+01  -4.577343000300438E-02  -1.225029722101353E+01
    23   2  3.169533125799450E+01  1.855254600613421E-02  -1.680392866825961E+00
    23   3  3.046019093436224E+01  1.613658501403714E-03  -1.233323569970426E+01
    23   4  1.460990204841090E+02  -4.908730467706444E-02  -1.156315156636303E+01
    23   5  1.406193307230653E+02  1.734091944038951E-02  -9.720778105025765E-01
    23   6  1.351396409620220E+02  2.504280280424391E-03  -1.160375124170145E+01
    23   7  2.592726159155582E+02  -5.240117932236998E-02  -1.087590079930374E+01
    23   8  2.495483767171045E+02  1.612929296790355E-02  -2.636576417740580E-01
    23   9  2.398241375186500E+02  3.394901989112187E-03  -1.087416167129641E+01
    24   1  2.870861309397230E+01  -1.183139743510253E-02  -1.233621262284351E+01
    24   2  2.747121988998028E+01  1.752019476164435E-03  -1.699720179506349E+00
    24   3  2.623382668598827E+01  4.509562689936075E-04  -1.232468494483760E+01
    24   4  1.273646669201279E+02  -1.054888386317667E-02  -1.159745669395570E+01
    24   5  1.218749822744039E+02  2.279018030959534E-03  -9.683391627088311E-01
    24   6  1.163852976286804E+02  2.224394317902101E-04  -1.160067884011726E+01
    24   7  2.260193946086696E+02  -9.266370510907507E-03  -1.085873854082157E+01
    24   8  2.162774185212154E+02  2.806016399237166E-03  -2.369959216678985E-01
    24   9  2.065354424337600E+02  -6.077520153802141E-06  -1.087671051116151E+01
    25   1  2.448223962886881E+01  -1.558031983428521E-03  -1.232378893486347E+01
    25   2  2.324463692072704E+01  5.735939989648386E-04  -1.692867535307910E+00
    25   3  2.200703421258508E+01  -1.971249380394724E-04  -1.232700313992141E+01
    25   4  1.086154804249032E+02  -1.905720303340418E-03  -1.160055417378614E+01
    25   5  1.031248663159302E+02  5.718903017815080E-04  -9.680104792636826E-01
    25   6  9.763425220695731E+01  1.471556025930867E-04  -1.160052378888478E+01
    25   7  1.927490747033847E+02  -2.253408459829132E-03  -1.087730211349051E+01
    25   8  1.830054491935829E+02  5.701866045981774E-04  -2.431361240069763E-01
    25   9  1.732618236837799E+02  4.914362716768039E-04  -1.087402713866918E+01
    26   1  2.025602665605339E+01  -5.418711079840932E-04  -1.232772245886124E+01
    26   2  1.901842453063850E+01  5.072337883049727E-04  -1.694640709956688E+00
    26   3  1.778082240522329E+01  9.206241102788226E-04  -1.232660595762935E+01
    26   4  8.986564641085100E+01  -2.973165082246198E-04  -1.160068157078982E+01
    26   5  8.437503488612771E+01  6.309755384847904E-05  -9.679970644559804E-01
    26   6  7.888442336140423E+01  -2.122024091225627E-04  -1.160035955465419E+01
    26   7  1.594751930742756E+02  -5.276187486913386E-05  -1.087367511726882E+01
    26   8  1.497315721502465E+02  -3.810386806080146E-04  -2.413878534969494E-01
    26   9  1.399879512262165E+02  -1.345029267962872E-03  -1.087414758624401E+01
    27   1  1.602968070316075E+01  7.065417850782296E-04  -1.232696833087014E+01
    27   2  1.479212882881865E+01  -1.493666670349114E-03  -1.693796376558907E+00
    27   3  1.355457695447624E+01  -5.957985514948305E-03  -1.232480798072991E+01
    27   4  7.111550777808145E+01  7.077743191071062E-05  -1.160089313619148E+01
    27   5  6.562511919203301E+01  2.674104671029909E-04  -9.681224211443434E-01
    27   6  6.013473060598493E+01  -1.800066074868641E-03  -1.159953526463482E+01
    27   7  1.262012772462364E+02  -5.649871503976556E-04  -1.087469809937222E+01
    27   8  1.164580519484837E+02  2.028487791072564E-03  -2.423286236474809E-01
    27   9  1.067148266507292E+02  2.357852763035240E-03  -1.087414270641518E+01
    28   1  1.180305360460638E+01  -1.306638424125595E-03  -1.232829114325706E+01
    28   2  1.056577247525535E+01  9.243303802364267E-03  -1.695739756854761E+00
    28   3  9.328491345904089E+00  2.194145332090613E-03  -1.232271986275783E+01
    28   4  5.236435488861141E+01  9.391004061313239E-04  -1.160167507135788E+01
    28   5  4.687516746079829E+01  2.521005537658993E-03  -9.684091051608695E-01
    28   6  4.138598003298444E+01  -1.349618920418372E-02  -1.159467463127943E+01
    28   7  9.292597507957008E+01  3.184838739400675E-03  -1.087550740122963E+01
    28   8  8.318488135329788E+01  -4.201291980976407E-03  -2.415268552670435E-01
    28   9  7.344378762702335E+01  -2.918652311834080E-02  -1.086707780158069E+01
    29   1  7.576606078965398E+00  1.391373421810727E-02  -1.233797224809111E+01
    29   2  6.339891160552044E+00  -6.637150242738699E-03  -1.688926279391698E+00
    29   3  5.103176242138555E+00  -1.499375769542510E-01  -1.228968290425146E+01
    29   4  3.361282315567419E+01  5.338471164242371E-03  -1.160720754845704E+01
    29   5  2.812614771854247E+01  1.820650201267426E-02  -9.699274670485480E-01
    29   6  2.263947228141112E+01  -9.167500802490539E-02  -1.158244997922109E+01
    29   7  5.964791455033190E+01  -3.236792434080371E-03  -1.087477190308265E+01
    29   8  4.991127859448455E+01  4.305015482763963E-02  -2.492577089534265E-01
    29   9  4.017464263863529E+01  -3.341243941523686E-02  -1.087354610836297E+01
    30   1  3.348998306400349E+00  -3.857304342602674E-04  -1.236944455027714E+01
    30   2  2.110074746844779E+00  2.224472561351831E-01  -1.699143269170700E+00
    30   3  8.711511872890282E-01  -3.504405972076796E-01  -1.231659446530399E+01
    30   4  1.486099184998361E+01  3.151079231720420E-02  -1.161932959545947E+01
    30   5  9.364517794980273E+00  1.303181720135882E-01  -9.641144049098160E-01
    30   6  3.868043739977479E+00  -5.665952911924680E-01  -1.159665169158240E+01
    30   7  2.637792538387161E+01  6.340731646403697E-02  -1.087541592092359E+01
    30   8  1.662390083342528E+01  3.818908789199327E-02  -2.352868210676873E-01
    30   9  6.869876282976715E+00  -7.827499852086639E-01  -1.088291019845880E+01
    31   1  4.063892066237964E+02  1.706806201335655E-01  -9.052681268501255E+00
    31   2  3.960243361156612E+02  3.724921469114295E-01  -6.779694120227775E-01
    31   3  3.856594656075259E+02  -2.171903338109640E-02  -8.023618372884588E+00
    31   4  5.478682253625128E+02  1.674824533003279E-01  -8.715871598785403E+00
    31   5  5.343592826909100E+02  3.583035063820655E-01  7.015451062096241E-01
    31   6  5.208503400193072E+02  -4.689814761095826E-02  -5.601399006133541E+00
    31   7  6.895617452980033E+02  1.642842864678189E-01  -8.379611452754467E+00
    31   8  6.729087304629329E+02  3.441148658512444E-01  2.080510100758021E+00
    31   9  6.562557156278618E+02  -7.207726182989135E-02  -3.179729163070508E+00
    32   1  3.660801138859212E+02  -1.360751233883684E-01  -8.661010155897250E+00
    32   2  3.546195362312978E+02  6.724680036235275E-02  -2.375944994425991E+00
    32   3  3.431589585766754E+02  -1.237053808108429E-02  -7.669459143966641E+00
    32   4  4.919263587188568E+02  -1.608118140504768E-01  -5.958612449246322E+00
    32   5  4.781500652020332E+02  5.502096840470649E-02  2.242672990383429E-02
    32   6  4.643737716852098E+02  -1.208551139036932E-02  -5.575113401953911E+00
    32   7  6.177146277479521E+02  -1.855485046908800E-01  -3.255589199667054E+00
    32   8  6.016226183689281E+02  4.279513644706023E-02  2.421423997168558E+00
    32   9  5.855306089899012E+02  -1.180048464777261E-02  -3.480142117009560E+00
    33   1  3.245440191496300E+02  -5.171545929827381E-02  -7.656092788856511E+00
    33   2  3.129419140975892E+02  1.980822683211869E-02  -2.187134033887553E+00
    33   3  3.013398090455491E+02  5.318116357289071E-03  -7.761779937110538E+00
    33   4  4.356817978939261E+02  -4.840158469376896E-02  -5.607148878573332E+00
    33   5  4.218709719102479E+02  2.101985332791934E-02  -6.504671191124439E-02
    33   6  4.080601459265693E+02  4.427495088665931E-03  -5.566549203441830E+00
    33   7  5.468350654585256E+02  -4.508771004885226E-02  -3.558310080700386E+00
    33   8  5.308155185432096E+02  2.223147991697871E-02  2.056935497665030E+00
    33   9  5.147959716278914E+02  3.536873557363762E-03  -3.371423582173884E+00
    34   1  2.828386957395940E+02  -9.308479673730830E-03  -7.783263489315670E+00
    34   2  2.712202055258891E+02  1.783094685237074E-03  -2.269454464667517E+00
    34   3  2.596017153121855E+02  -5.351887349958062E-04  -7.737314077950370E+00
    34   4  3.794412078043245E+02  -1.059099297937063E-02  -5.567682421148794E+00
    34   5  3.656263838630402E+02  1.256096620050329E-03  -7.523702920852332E-02
    34   6  3.518115599217542E+02  -3.066718529958452E-04  -5.564460275174488E+00
    34   7  4.760395812410964E+02  -1.187350645803775E-02  -3.352063577218775E+00
    34   8  4.600284235722315E+02  7.290984149754820E-04  2.119018182015070E+00
    34   9  4.440172659033641E+02  -7.815512070852293E-05  -3.391568696658048E+00
    35   1  2.411147447662642E+02  -2.218975470036355E-03  -7.733199006638020E+00
    35   2  2.294947308340534E+02  8.422960529053114E-04  -2.250602935567891E+00
    35   3  2.178747169018411E+02  6.088713883078967E-04  -7.743915805887708E+00
    35   4  3.231898558232394E+02  -1.871287756526628E-03  -5.564104958000263E+00
    35   5  3.093746601027543E+02  8.439997500886420E-04  -7.616567987946826E-02
    35   6  2.955594643822679E+02  2.645907075668378E-04  -5.564135343142790E+00
    35   7  4.052660684685915E+02  -1.523599832964351E-03  -3.395028208586642E+00
    35   8  3.892556909598340E+02  8.457035405307067E-04  2.098254276590647E+00
    35   9  3.732453134510700E+02  -7.968971649230383E-05  -3.384372179616180E+00
    36   1  1.993884321695141E+02  -5.016741688734783E-05  -7.745097459411071E+00
    36   2  1.877684224740560E+02  -4.201131575953809E-04  -2.255939978120791E+00
    36   3  1.761484127785996E+02  -1.510909813928762E-03  -7.742707442853075E+00
    36   4  2.669402760758200E+02  -2.947225398511877E-04  -5.563978891763021E+00
    36   5  2.531250813911654E+02  2.402158472136762E-05  -7.617742704177366E-02
    36   6  2.393098867065108E+02  -3.780845871162996E-04  -5.564300908311032E+00
    36   7  3.344918559873196E+02  -5.392777691071160E-04  -3.382825889627211E+00
    36   8  3.184814763134693E+02  4.681568865905206E-04  2.103619558559977E+00
    36   9  3.024710966396144E+02  7.547410230124285E-04  -3.385859939292884E+00
    37   1  1.576618514364727E+02  -5.331090768834201E-04  -7.742064396163428E+00
    37   2  1.460422072203098E+02  2.213401582018548E-03  -2.253725363633163E+00
    37   3  1.344225630041487E+02  1.598477527009479E-03  -7.742692714358402E+00
    37   4  2.106900949945401E+02  1.026538733970997E-04  -5.563882422785007E+00
    37   5  1.968749895017257E+02  4.523236052378365E-04  -7.590816755269347E-02
    37   6  1.830598840089112E+02  -2.559441357523769E-03  -5.565240295610854E+00
    37   7  2.637182992114935E+02  7.384170608304430E-04  -3.385820291421857E+00
    37   8  2.477077324420266E+02  -1.308754558060343E-03  2.101789186487735E+00
    37   9  2.316971656725566E+02  -6.717360820918117E-03  -3.387907718847977E+00
    38   1  1.159340221792996E+02  3.427044727999373E-03  -7.742436596183399E+00
    38   2  1.043163470886805E+02  -3.093269853593483E-03  -2.254567650637057E+00
    38   3  9.269867199806150E+01  -3.376378642672151E-02  -7.751448375147296E+00
    38   4  1.544394441272354E+02  1.181306721135591E-03  -5.563720752191845E+00
    38   5  1.406248191026138E+02  3.629027571783183E-03  -7.484614029634740E-02
    38   6  1.268101940779925E+02  -1.807345559010265E-02  -5.570721198407888E+00
    38   7  1.929453087104818E+02  -1.064431689457024E-03  -3.384556506445397E+00
    38   8  1.769337337518579E+02  1.035132499715985E-02  2.105323771816741E+00
    38   9  1.609221587932297E+02  -2.383123478555405E-03  -3.389545619939816E+00
    39   1  7.420365243319036E+01  -2.032473762625386E-03  -7.746194614176860E+00
    39   2  6.259009538298619E+01  4.921879016350772E-02  -2.242341014792038E+00
    39   3  5.097653833278295E+01  -6.072745884821984E-02  -7.738803380909765E+00
    39   4  9.818892502259862E+01  6.542788809851282E-03  -5.559485489854341E+00
    39   5  8.437530477929641E+01  2.437513511033274E-02  -7.170629221502078E-02
    39   6  7.056168453599564E+01  -1.189900292764337E-01  -5.584243060066593E+00
    39   7  1.221725947067654E+02  1.511805027831770E-02  -3.374447311393081E+00
    39   8  1.061589112703686E+02  -4.685190102549086E-04  2.097257484521137E+00
    39   9  9.014522783396664E+01  -1.772526003041008E-01  -3.431353685038052E+00
    40   1  3.248191739539821E+01  7.143117931818210E-02  -7.743627192508262E+00
    40   2  2.085229694443771E+01  7.659122909231542E-02  -2.267133895054591E+00
    40   3  9.222676493478481E+00  -9.453651422086651E-01  -7.730236591430711E+00
    40   4  4.194241462752917E+01  3.953465311965721E-02  -5.542303386909531E+00
    40   5  2.812487497780992E+01  1.687203145195326E-01  -8.384434388504503E-02
    40   6  1.430733532809177E+01  -7.292104476795462E-01  -5.564981294655380E+00
    40   7  5.140957617300167E+01  7.638127570430697E-03  -3.334778300721555E+00
    40   8  3.540411732452787E+01  2.608493999467498E-01  2.105646487819829E+00
    40   9  1.939865847604933E+01  -5.130557528554291E-01  -3.393524717478780E+00
