====={Displacement@Node}=================
     1  0.000000000000000E+00  0.000000000000000E+00
     2  -1.615960179095712E-03  -4.279937572365852E-03
     3  -3.061476757301953E-03  -1.621148285471731E-02
     4  -4.336985177940451E-03  -3.494572734268245E-02
     5  -5.442427413929231E-03  -5.963235417924667E-02
     6  -6.377801567155962E-03  -8.942102188005212E-02
     7  -7.143107689652081E-03  -1.234613902599190E-01
     8  -7.738345786994389E-03  -1.609031191858472E-01
     9  -8.163515843339672E-03  -2.008958685773567E-01
    10  -8.418616942545538E-03  -2.425892982408357E-01
    11  -8.503654140661822E-03  -2.851331111859331E-01
    12  0.000000000000000E+00  0.000000000000000E+00
    13  -8.070905666748147E-04  -4.278876547932898E-03
    14  -1.529887351200707E-03  -1.621041994416289E-02
    15  -2.167642273454776E-03  -3.494466441534989E-02
    16  -2.720363367885717E-03  -5.963129125402822E-02
    17  -3.188050443426439E-03  -8.941995895488673E-02
    18  -3.570703504632856E-03  -1.234603273348179E-01
    19  -3.868322551413686E-03  -1.609020562603663E-01
    20  -4.080907580435779E-03  -2.008948056542516E-01
    21  -4.208457576647845E-03  -2.425882353122479E-01
    22  -4.250973590114398E-03  -2.851320057469406E-01
    23  0.000000000000000E+00  0.000000000000000E+00
    24  3.857156792429201E-08  -4.277842914984050E-03
    25  1.203644690231782E-09  -1.620935536494339E-02
    26  -4.390151868382221E-11  -3.494360144204362E-02
    27  -2.166324249528108E-12  -5.963022832998095E-02
    28  1.876615028666625E-14  -8.941889602979899E-02
    29  4.579042818583712E-14  -1.234592644097245E-01
    30  1.404083512178087E-12  -1.609009933341673E-01
    31  -1.323908852271665E-11  -2.008937426802772E-01
    32  -1.018724180692976E-09  -2.425871724348777E-01
    33  2.068853906119636E-09  -2.851309003086709E-01
    34  0.000000000000000E+00  0.000000000000000E+00
    35  8.071169562984134E-04  -4.276789363271645E-03
    36  1.529887606585276E-03  -1.620829000013838E-02
    37  2.167642244443841E-03  -3.494253843356383E-02
    38  2.720363366698152E-03  -5.962916540714255E-02
    39  3.188050443449144E-03  -8.941783310478321E-02
    40  3.570703504651340E-03  -1.234582014845894E-01
    41  3.868322552011274E-03  -1.608999304081085E-01
    42  4.080907579166912E-03  -2.008926797047118E-01
    43  4.208457577359055E-03  -2.425861096149371E-01
    44  4.250973595235374E-03  -2.851298797925428E-01
    45  0.000000000000000E+00  0.000000000000000E+00
    46  1.615830256713015E-03  -4.275711038115632E-03
    47  3.061473839244096E-03  -1.620722501797241E-02
    48  4.336985323766368E-03  -3.494147545388385E-02
    49  5.442427420638379E-03  -5.962810248443897E-02
    50  6.377801567074609E-03  -8.941677017975197E-02
    51  7.143107689525401E-03  -1.234571385594177E-01
    52  7.738345782992923E-03  -1.608988674828895E-01
    53  8.163515872357315E-03  -2.008916167798238E-01
    54  8.418618978573239E-03  -2.425850467436581E-01
    55  8.503649992713153E-03  -2.851288592761317E-01

====={ReactionForce@Node}=================
     1  2.416086006469821E+00  -1.999598239717641E-01
     2  -1.776356839400250E-15  2.953193245502916E-14
     3  0.000000000000000E+00  8.970602038971265E-14
     4  7.105427357601002E-15  4.440892098500626E-15
     5  2.842170943040401E-14  -7.371880883511039E-14
     6  1.421085471520200E-14  5.835332217429823E-13
     7  2.131628207280301E-14  9.103828801926284E-13
     8  1.421085471520200E-14  1.953992523340276E-13
     9  7.105427357601002E-15  3.614886168179510E-13
    10  2.131628207280301E-14  -1.205258115533070E-12
    11  -8.526512829121202E-14  -1.250000000121831E-02
    12  1.689463617035660E-01  2.553923995551627E-02
    13  1.776356839400250E-15  8.071321389024888E-14
    14  0.000000000000000E+00  -3.108624468950438E-15
    15  -1.421085471520200E-14  -5.768718835952313E-13
    16  -2.131628207280301E-14  -2.744471316873387E-13
    17  0.000000000000000E+00  9.432454817215330E-13
    18  4.263256414560601E-14  1.302957741700084E-12
    19  2.842170943040401E-14  1.909583602355269E-13
    20  1.421085471520200E-14  -3.375077994860476E-13
    21  -1.421085471520200E-14  4.353850613370014E-12
    22  -2.131628207280301E-14  -2.499999999959712E-02
    23  -5.612146782766330E-04  2.545735408981847E-02
    24  1.643758913705273E-15  -3.486100297322992E-14
    25  7.689642921981238E-15  8.371081605673680E-14
    26  1.138088174540425E-14  -6.361577931102147E-14
    27  -1.350086247409526E-14  5.573319583618286E-14
    28  -3.296671792583966E-14  -2.753908212582701E-13
    29  -5.374429890637251E-15  -2.214339822614875E-13
    30  -9.152205685810394E-15  1.404487637302054E-12
    31  3.513093776220152E-14  8.730516309896075E-13
    32  -5.417163638781093E-14  -2.544603416865243E-12
    33  3.551258476197118E-14  -2.500000000065317E-02
    34  -1.700606815295736E-01  2.448840042585670E-02
    35  1.776356839400250E-15  -3.508304757815495E-14
    36  0.000000000000000E+00  -1.545430450278218E-13
    37  0.000000000000000E+00  1.723066134218243E-13
    38  2.131628207280301E-14  2.531308496145357E-13
    39  -1.421085471520200E-14  -1.350031197944190E-13
    40  -2.842170943040401E-14  -6.963318810448982E-13
    41  -2.842170943040401E-14  -1.923794457070471E-12
    42  -1.421085471520200E-13  -1.438849039914203E-12
    43  5.684341886080801E-14  1.132427485117660E-12
    44  -7.105427357601002E-15  -2.500000000145519E-02
    45  -2.414410471965573E+00  2.244748295010707E-01
    46  0.000000000000000E+00  2.181588243388433E-14
    47  -3.552713678800501E-15  -1.265654248072678E-14
    48  0.000000000000000E+00  -1.154631945610163E-14
    49  -1.421085471520200E-14  5.742073483361310E-13
    50  -7.105427357601002E-15  5.684341886080801E-14
    51  0.000000000000000E+00  -1.481481604059809E-12
    52  4.263256414560601E-14  4.369837824924616E-13
    53  5.684341886080801E-14  2.238209617644316E-13
    54  5.684341886080801E-14  -1.021405182655144E-12
    55  7.105427357601002E-15  -1.250000000027285E-02

====={Strain@IntegralPoint}=================
     1   1  -3.231920358191425E-04  2.122048865908083E-06  7.617517103686250E-04
     2   1  -1.614181133349629E-04  0.000000000000000E+00  -8.557753095865796E-04
     3   1  -2.891033156412481E-04  2.125821108839299E-06  6.768697557321987E-04
     4   1  -1.445593569051786E-04  2.122048865908083E-06  -7.685694544042041E-04
     5   1  -2.551016841276997E-04  2.125854665108173E-06  5.918369113783245E-04
     6   1  -1.275509844508137E-04  2.125821108839299E-06  -6.836700820349083E-04
     7   1  -2.210884471977559E-04  2.125850436907051E-06  5.068027247741805E-04
     8   1  -1.105442188861884E-04  2.125854665108173E-06  -5.986395587643141E-04
     9   1  -1.870748306453463E-04  2.125850330769730E-06  4.217687072979566E-04
    10   1  -9.353741510814424E-05  2.125850436907051E-06  -5.136054480846773E-04
    11   1  -1.530612244992238E-04  2.125850202178148E-06  3.367346940650788E-04
    12   1  -7.653061224128339E-05  2.125850330769730E-06  -4.285714285271851E-04
    13   1  -1.190476194684615E-04  2.125850961709475E-06  2.517006859757672E-04
    14   1  -5.952380935616598E-05  2.125850202178148E-06  -3.435374150712357E-04
    15   1  -8.503401126905676E-05  2.125846210121463E-06  1.666666475058816E-04
    16   1  -4.251700580441874E-05  2.125850961709475E-06  -2.585034076156602E-04
    17   1  -5.102021984117319E-05  2.125857175738766E-06  8.163279909957112E-05
    18   1  -2.550999924241326E-05  2.125846210121463E-06  -1.734694057914619E-04
    19   1  -1.700743962325672E-05  2.210877984909487E-06  -3.401487924620944E-06
    20   1  -8.503202693310578E-06  2.125857175738766E-06  -8.843535514316964E-05
    21   1  -1.614181133349629E-04  2.067265897695916E-06  7.584829668988984E-04
    22   1  7.714313584858402E-09  0.000000000000000E+00  -8.555685829968100E-04
    23   1  -1.445593569051786E-04  2.129158439001522E-06  6.734684304447957E-04
    24   1  -7.473584646812046E-09  2.067265897695916E-06  -7.720442135063911E-04
    25   1  -1.275509844508137E-04  2.125946612543950E-06  5.884355648691142E-04
    26   1  -2.495092417831209E-10  2.129158439001522E-06  -6.870721057292504E-04
    27   1  -1.105442188861884E-04  2.125848094544636E-06  5.034013637031214E-04
    28   1  8.347038886858820E-12  2.125946612543950E-06  -6.020409184809518E-04
    29   1  -9.353741510814424E-05  2.125850175477284E-06  4.183673467187059E-04
    30   1  4.370180799629548E-13  2.125848094544636E-06  -5.170068085248239E-04
    31   1  -7.653061224128339E-05  2.125850186829314E-06  3.333333333710620E-04
    32   1  5.404855579834174E-15  2.125850175477284E-06  -4.319727890946855E-04
    33   1  -5.952380935616598E-05  2.125852398005001E-06  2.482993205258521E-04
    34   1  2.716586167984500E-13  2.125850186829314E-06  -3.469387755312752E-04
    35   1  -4.251700580441874E-05  2.125947948794504E-06  1.632652556163158E-04
    36   1  -2.928634406978949E-12  2.125852398005001E-06  -2.619047635864487E-04
    37   1  -2.550999924241326E-05  2.125754740400776E-06  7.822718424808190E-05
    38   1  -2.010970184340519E-10  2.125947948794504E-06  -1.768708165267099E-04
    39   1  -8.503202693310578E-06  2.210876539510132E-06  -6.802769001945209E-06
    40   1  6.175156173625224E-10  2.125754740400776E-06  -9.183245891131175E-05
    41   1  7.714313584858402E-09  2.107103424809839E-06  7.585881864641681E-04
    42   1  1.614233912596827E-04  0.000000000000000E+00  -8.553578726543291E-04
    43   1  -7.473584646812046E-09  2.130729610028137E-06  6.734703158893024E-04
    44   1  1.445541300573725E-04  2.107103424809839E-06  -7.721433579123686E-04
    45   1  -2.495092417831209E-10  2.126016959577703E-06  5.884353612706740E-04
    46   1  1.275509275717131E-04  2.130729610028137E-06  -6.870768808039198E-04
    47   1  8.347038886858820E-12  2.125845676784199E-06  5.034013601414875E-04
    48   1  1.105442244508623E-04  2.126016959577703E-06  -6.020408180250252E-04
    49   1  4.370180799629548E-13  2.125850031564624E-06  4.183673468971458E-04
    50   1  9.353741535019834E-05  2.125845676784199E-06  -5.170068017991790E-04
    51   1  5.404855579834174E-15  2.125850270234819E-06  3.333333332260040E-04
    52   1  7.653061224043923E-05  2.125850031564624E-06  -4.319727891004733E-04
    53   1  2.716586167984500E-13  2.125852117618177E-06  2.482993163258132E-04
    54   1  5.952380947198675E-05  2.125850270234819E-06  -3.469387754927302E-04
    55   1  -2.928634406978949E-12  2.125951130804715E-06  1.632653155900152E-04
    56   1  4.251700543112772E-05  2.125852117618177E-06  -2.619047581062830E-04
    57   1  -2.010970184340519E-10  2.125639881167540E-06  7.823124124638030E-05
    58   1  2.550999963842851E-05  2.125951130804715E-06  -1.768707972330532E-04
    59   1  6.175156173625224E-10  2.041032256094866E-06  -6.802521995705538E-06
    60   1  8.503203575263726E-06  2.125639881167540E-06  -9.183684335467709E-05
    61   1  1.614233912596827E-04  2.156650312026137E-06  7.620687281748749E-04
    62   1  3.231660513426031E-04  0.000000000000000E+00  -8.551422076231264E-04
    63   1  1.445541300573725E-04  2.129964331937240E-06  6.768723379442934E-04
    64   1  2.891287165062162E-04  2.156650312026137E-06  -7.688761951421519E-04
    65   1  1.275509275717131E-04  2.125959359972063E-06  5.918364719599625E-04
    66   1  2.551022969044544E-04  2.129964331937240E-06  -6.836776218646476E-04
    67   1  1.105442244508623E-04  2.125845407166538E-06  5.068027131647085E-04
    68   1  2.210884193744022E-04  2.125959359972063E-06  -5.986392474659711E-04
    69   1  9.353741535019834E-05  2.125850062484336E-06  4.217687077227982E-04
    70   1  1.870748292872460E-04  2.125845407166538E-06  -5.136054311821485E-04
    71   1  7.653061224043923E-05  2.125850343287494E-06  3.367346937868925E-04
    72   1  1.530612244901586E-04  2.125850062484336E-06  -4.285714286822173E-04
    73   1  5.952380947198675E-05  2.125850438128296E-06  2.517006772594678E-04
    74   1  1.190476186935041E-04  2.125850343287494E-06  -3.435374149462263E-04
    75   1  4.251700543112772E-05  2.125849775991284E-06  1.666667270601406E-04
    76   1  8.503401787287842E-05  2.125850438128296E-06  -2.585033974235838E-04
    77   1  2.550999963842851E-05  2.125742557923527E-06  8.163682038331288E-05
    78   1  5.102062124318486E-05  2.125849775991284E-06  -1.734694063860488E-04
    79   1  8.503203575263726E-06  2.041032822308608E-06  -3.401240565588382E-06
    80   1  1.700620282798289E-05  2.125742557923527E-06  -8.843970406634261E-05

====={Stress@IntegralPoint}=================
     1   1  -6.787032752201992E+01  4.456302618406974E-01  7.998392958870562E+01
     2   1  -3.389780380034222E+01  0.000000000000000E+00  -8.985640750659086E+01
     3   1  -6.071169628466211E+01  4.464224328562527E-01  7.107132435188086E+01
     4   1  -3.035746495008750E+01  4.456302618406974E-01  -8.069979271244144E+01
     5   1  -5.357135366681693E+01  4.464294796727164E-01  6.214287569472407E+01
     6   1  -2.678570673467087E+01  4.464224328562527E-01  -7.178535861366538E+01
     7   1  -4.642857391152873E+01  4.464285917504807E-01  5.321428610128896E+01
     8   1  -2.321428596609956E+01  4.464294796727164E-01  -6.285715367025298E+01
     9   1  -3.928571443552273E+01  4.464285694616432E-01  4.428571426628545E+01
    10   1  -1.964285717271029E+01  4.464285917504807E-01  -5.392857204889112E+01
    11   1  -3.214285714483700E+01  4.464285424574110E-01  3.535714287683328E+01
    12   1  -1.607142857066951E+01  4.464285694616432E-01  -4.499999999535444E+01
    13   1  -2.500000008837691E+01  4.464287019589896E-01  2.642857202745556E+01
    14   1  -1.249999996479486E+01  4.464285424574110E-01  -3.607142858247975E+01
    15   1  -1.785714236650192E+01  4.464277041255071E-01  1.749999798811757E+01
    16   1  -8.928571218927935E+00  4.464287019589896E-01  -2.714285779964432E+01
    17   1  -1.071424616664637E+01  4.464300069051408E-01  8.571443905454968E+00
    18   1  -5.357099840906785E+00  4.464277041255071E-01  -1.821428760810350E+01
    19   1  -3.571562320883912E+00  4.642843768309923E-01  -3.571562320851991E-01
    20   1  -1.785672565595221E+00  4.464300069051408E-01  -9.285712290032812E+00
    21   1  -3.389780380034222E+01  4.341258385161424E-01  7.964071152438433E+01
    22   1  1.620005852820264E-03  0.000000000000000E+00  -8.983470121466505E+01
    23   1  -3.035746495008750E+01  4.471232721903196E-01  7.071418519670354E+01
    24   1  -1.569452775830530E-03  4.341258385161424E-01  -8.106464241817106E+01
    25   1  -2.678570673467087E+01  4.464487886342294E-01  6.178573431125699E+01
    26   1  -5.239694077445539E-05  4.471232721903196E-01  -7.214257110157129E+01
    27   1  -2.321428596609956E+01  4.464280998543735E-01  5.285714318882775E+01
    28   1  1.752878166240352E-06  4.464487886342294E-01  -6.321429644049994E+01
    29   1  -1.964285717271029E+01  4.464285368502297E-01  4.392857140546412E+01
    30   1  9.177379679222051E-08  4.464280998543735E-01  -5.428571489510651E+01
    31   1  -1.607142857066951E+01  4.464285392341560E-01  3.500000000396152E+01
    32   1  1.135019671765176E-09  4.464285368502297E-01  -4.535714285494198E+01
    33   1  -1.249999996479486E+01  4.464290035810503E-01  2.607142865521447E+01
    34   1  5.704830952767451E-08  4.464285392341560E-01  -3.642857143078390E+01
    35   1  -8.928571218927935E+00  4.464490692468459E-01  1.714285183971316E+01
    36   1  -6.150132254655792E-07  4.464290035810503E-01  -2.750000017657711E+01
    37   1  -5.357099840906785E+00  4.464084954841629E-01  8.213854346048599E+00
    38   1  -4.223037387115091E-05  4.464490692468459E-01  -1.857143573530454E+01
    39   1  -1.785672565595221E+00  4.642840732971276E-01  -7.142907452042470E-01
    40   1  1.296782796461297E-04  4.464084954841629E-01  -9.642408185687735E+00
    41   1  1.620005852820264E-03  4.424917192100662E-01  7.965175957873765E+01
    42   1  3.389891216453336E+01  0.000000000000000E+00  -8.981257662870455E+01
    43   1  -1.569452775830530E-03  4.474532181059088E-01  7.071438316837674E+01
    44   1  3.035636731204822E+01  4.424917192100662E-01  -8.107505258079870E+01
    45   1  -5.239694077445539E-05  4.464635615113177E-01  6.178571293342077E+01
    46   1  2.678569479005974E+01  4.474532181059088E-01  -7.214307248441158E+01
    47   1  1.752878166240352E-06  4.464275921246819E-01  5.285714281485619E+01
    48   1  2.321428713468108E+01  4.464635615113177E-01  -6.321428589262764E+01
    49   1  9.177379679222051E-08  4.464285066285711E-01  4.392857142420031E+01
    50   1  1.964285722354165E+01  4.464275921246819E-01  -5.428571418891379E+01
    51   1  1.135019671765176E-09  4.464285567493120E-01  3.499999998873042E+01
    52   1  1.607142857049224E+01  4.464285066285711E-01  -4.535714285554969E+01
    53   1  5.704830952767451E-08  4.464289446998171E-01  2.607142821421039E+01
    54   1  1.249999998911722E+01  4.464285567493120E-01  -3.642857142673667E+01
    55   1  -6.150132254655792E-07  4.464497374689902E-01  1.714285813695159E+01
    56   1  8.928571140536819E+00  4.464289446998171E-01  -2.749999960115972E+01
    57   1  -4.223037387115091E-05  4.463843750451835E-01  8.214280330869931E+00
    58   1  5.357099924069988E+00  4.464497374689902E-01  -1.857143370947059E+01
    59   1  1.296782796461297E-04  4.286167737799218E-01  -7.142648095490814E-01
    60   1  1.785672750805382E+00  4.463843750451835E-01  -9.642868552241094E+00
    61   1  3.389891216453336E+01  4.528965655254888E-01  8.001721645836186E+01
    62   1  6.786487078194665E+01  0.000000000000000E+00  -8.978993180042828E+01
    63   1  3.035636731204822E+01  4.472925097068203E-01  7.107159548415081E+01
    64   1  6.071703046630540E+01  4.528965655254888E-01  -8.073200048992595E+01
    65   1  2.678569479005974E+01  4.464514655941332E-01  6.214282955579606E+01
    66   1  5.357148234993542E+01  4.472925097068203E-01  -7.178615029578800E+01
    67   1  2.321428713468108E+01  4.464275355049729E-01  5.321428488229439E+01
    68   1  4.642856806862446E+01  4.464514655941332E-01  -6.285712098392697E+01
    69   1  1.964285722354165E+01  4.464285131217105E-01  4.428571431089382E+01
    70   1  3.928571415032167E+01  4.464275355049729E-01  -5.392857027412559E+01
    71   1  1.607142857049224E+01  4.464285720903738E-01  3.535714284762371E+01
    72   1  3.214285714293330E+01  4.464285131217105E-01  -4.500000001163282E+01
    73   1  1.249999998911722E+01  4.464285920069422E-01  2.642857111224412E+01
    74   1  2.499999992563587E+01  4.464285720903738E-01  -3.607142856935376E+01
    75   1  8.928571140536819E+00  4.464284529581697E-01  1.750000634131476E+01
    76   1  1.785714375330447E+01  4.464285920069422E-01  -2.714285672947630E+01
    77   1  5.357099924069988E+00  4.464059371639406E-01  8.571866140247852E+00
    78   1  1.071433046106882E+01  4.464284529581697E-01  -1.821428767053512E+01
    79   1  1.785672750805382E+00  4.286168926848077E-01  -3.571302593867801E-01
    80   1  3.571302593876407E+00  4.464059371639406E-01  -9.286168926965974E+00
