====={Displacement@Node}=================
     1  0.000000000000000E+00  0.000000000000000E+00
     2  -4.113047067779267E-03  -1.052066955923846E-02
     3  -7.792576534189857E-03  -4.052288952799454E-02
     4  -1.103936069227942E-02  -8.784079681239200E-02
     5  -1.385320590837939E-02  -1.503103201959588E-01
     6  -1.623416015766339E-02  -2.257668264391835E-01
     7  -1.818221156435524E-02  -3.120458532902660E-01
     8  -1.969736347973764E-02  -4.069828815385506E-01
     9  -2.077961381575133E-02  -5.084134364716821E-01
    10  -2.142896557369453E-02  -6.141729176656544E-01
    11  -2.164541806971410E-02  -7.220972081551027E-01
    12  0.000000000000000E+00  0.000000000000000E+00
    13  -2.053812278144195E-03  -1.052071290751303E-02
    14  -3.894260182486533E-03  -4.052286715050144E-02
    15  -5.517482247784197E-03  -8.784080545474163E-02
    16  -6.924446642369398E-03  -1.503103171944574E-01
    17  -8.114913490350281E-03  -2.257668275976369E-01
    18  -9.088942170585189E-03  -3.120458521407574E-01
    19  -9.846515926647313E-03  -4.069828849890662E-01
    20  -1.038764519875578E-02  -5.084134234658794E-01
    21  -1.071231498035656E-02  -6.141729671775856E-01
    22  -1.082052869070206E-02  -7.220970215242020E-01
    23  0.000000000000000E+00  0.000000000000000E+00
    24  1.456276505068952E-16  -1.052075625578760E-02
    25  2.668637142629126E-16  -4.052284477300837E-02
    26  3.688981762196970E-16  -8.784081409709123E-02
    27  4.529200942262716E-16  -1.503103141929559E-01
    28  4.979049454683311E-16  -2.257668287560903E-01
    29  6.589803532050696E-16  -3.120458509912488E-01
    30  7.626864420142535E-16  -4.069828884395818E-01
    31  1.056547689579690E-15  -5.084134104600766E-01
    32  1.184762411326969E-15  -6.141730166895168E-01
    33  1.246989373138812E-15  -7.220968348933012E-01
    34  0.000000000000000E+00  0.000000000000000E+00
    35  2.053812278144486E-03  -1.052071290751304E-02
    36  3.894260182487070E-03  -4.052286715050144E-02
    37  5.517482247784925E-03  -8.784080545474166E-02
    38  6.924446642370310E-03  -1.503103171944572E-01
    39  8.114913490351254E-03  -2.257668275976369E-01
    40  9.088942170586532E-03  -3.120458521407570E-01
    41  9.846515926648846E-03  -4.069828849890665E-01
    42  1.038764519875785E-02  -5.084134234658793E-01
    43  1.071231498035896E-02  -6.141729671775854E-01
    44  1.082052869070455E-02  -7.220970215242019E-01
    45  0.000000000000000E+00  0.000000000000000E+00
    46  4.113047067779557E-03  -1.052066955923847E-02
    47  7.792576534190404E-03  -4.052288952799455E-02
    48  1.103936069228013E-02  -8.784079681239204E-02
    49  1.385320590838032E-02  -1.503103201959586E-01
    50  1.623416015766432E-02  -2.257668264391836E-01
    51  1.818221156435662E-02  -3.120458532902653E-01
    52  1.969736347973921E-02  -4.069828815385511E-01
    53  2.077961381575332E-02  -5.084134364716819E-01
    54  2.142896557369693E-02  -6.141729176656537E-01
    55  2.164541806971660E-02  -7.220972081551026E-01

====={ReactionForce@Node}=================
     1  2.279498740140485E+00  1.193849713662953E-02
     2  3.552713678800501E-15  7.549516567451064E-15
     3  0.000000000000000E+00  -1.600941601509476E-13
     4  -1.421085471520200E-14  -3.319566843629218E-14
     5  2.842170943040401E-14  4.881650639276813E-13
     6  -1.421085471520200E-14  7.804867863114850E-14
     7  2.842170943040401E-14  -5.079825449172404E-13
     8  0.000000000000000E+00  -9.336420525585254E-13
     9  2.842170943040401E-14  -1.338124056005086E-12
    10  -5.684341886080801E-14  -2.255029496467387E-12
    11  -2.842170943040401E-14  -1.250000000065299E-02
    12  4.410025192653856E-01  2.499999999675295E-02
    13  2.647448910488362E-15  -4.929390229335695E-14
    14  3.130728640741987E-15  4.949374243778948E-13
    15  -2.457395045915231E-15  -3.395062009303729E-13
    16  7.489089236993943E-15  -9.272582701669307E-13
    17  -3.526327586053993E-14  -5.535572000781031E-13
    18  2.787780246991771E-15  -9.257039579324555E-13
    19  -3.258180163656036E-14  -2.499112028431227E-13
    20  -8.235476035389593E-14  7.533418333594000E-13
    21  4.093879640669484E-15  -1.624811396538917E-13
    22  1.112998582186719E-13  -2.500000000065228E-02
    23  -2.872982104054731E-14  2.612300572036053E-02
    24  2.613164015166412E-15  4.485301019485632E-14
    25  6.379703726999686E-15  -3.372857548811226E-13
    26  8.411210485411733E-15  6.772360450213455E-14
    27  -2.144761394848524E-14  5.817568649035820E-13
    28  1.524094074812312E-14  -8.124612094206896E-13
    29  -3.563321007779964E-14  6.461498003318411E-14
    30  -3.006415782737899E-15  4.109268481045092E-12
    31  4.523768197978009E-14  5.376254996747321E-13
    32  -1.168808742615932E-13  -1.283279038588603E-12
    33  -4.092915785530784E-14  -2.500000000090097E-02
    34  -4.410025192654431E-01  2.499999999673919E-02
    35  -9.260848381556497E-16  5.551115123125783E-14
    36  -2.623938664004372E-16  3.919087276926803E-13
    37  1.941252131374034E-14  -3.421707361894732E-13
    38  -1.680732240666102E-14  1.807665128694680E-12
    39  -1.090562201955676E-13  2.623012917979395E-12
    40  1.772673389574173E-14  -4.318767565791859E-14
    41  -2.494062509278807E-14  -2.016276035021747E-12
    42  -4.450216237184001E-15  -1.061817300751500E-12
    43  1.421085471520200E-13  -4.547473508864641E-13
    44  2.842170943040401E-14  -2.500000000145519E-02
    45  -2.279498740140522E+00  1.193849713660844E-02
    46  1.421085471520200E-14  -1.125766146969909E-13
    47  2.131628207280301E-14  -3.238520562831582E-13
    48  -7.105427357601002E-15  -3.563815909046752E-14
    49  7.105427357601002E-14  -8.746336987996983E-13
    50  1.421085471520200E-14  -1.291744489151370E-12
    51  8.526512829121202E-14  -5.289657600826558E-13
    52  -2.842170943040401E-14  -4.456990332357691E-13
    53  -5.684341886080801E-14  1.394412363353581E-12
    54  -2.842170943040401E-14  2.273736754432321E-12
    55  -2.842170943040401E-14  -1.249999999981810E-02

====={Strain@IntegralPoint}=================
     1   1  -7.355759106043913E-04  -1.832113658006840E-08  -1.233800714446729E-03
     1   2  -7.355759106043913E-04  -6.837541257145863E-08  1.143998805794175E-03
     1   3  -4.977959585803011E-04  -1.832113658006840E-08  -1.233805719874327E-03
     1   4  -4.977959585803011E-04  -6.837541257145863E-08  1.143993800366576E-03
     2   1  -6.581771605674711E-04  -5.891757114476204E-08  -1.104684309436802E-03
     2   2  -6.581771605674711E-04  1.697600817730793E-08  1.018904160406765E-03
     2   3  -4.458183135831146E-04  -5.891757114823148E-08  -1.104676720078870E-03
     2   4  -4.458183135831146E-04  1.697600817557321E-08  1.018911749764695E-03
     3   1  -5.807370234706706E-04  3.164445802616989E-08  -9.807519830532397E-04
     3   2  -5.807370234706706E-04  -4.174171085169487E-09  8.939760395857126E-04
     3   3  -3.932642212067754E-04  3.164445804004767E-08  -9.807555649161501E-04
     3   4  -3.932642212067754E-04  -4.174171085169487E-09  8.939724577228005E-04
     4   1  -5.033072631704434E-04  -1.236342872523721E-08  -8.555294951003694E-04
     4   2  -5.033072631704434E-04  1.081732328711560E-09  7.689965469381693E-04
     4   3  -3.408546589665895E-04  -1.236342869748164E-08  -8.555281505842685E-04
     4   4  -3.408546589665895E-04  1.081732335650454E-09  7.689978914542719E-04
     5   1  -4.258749318874104E-04  4.244798956776208E-09  -7.306237127514409E-04
     5   2  -4.258749318874104E-04  -5.587030282860894E-10  6.440327304669917E-04
     5   3  -2.884092875655672E-04  4.244798929020632E-09  -7.306241931016467E-04
     5   4  -2.884092875655672E-04  -5.587030282860894E-10  6.440322501167894E-04
     6   1  -3.484432370243480E-04  -1.341447397606998E-09  -6.056414949041251E-04
     6   2  -3.484432370243480E-04  1.323557541343945E-09  5.190630717293310E-04
     6   3  -2.359727803610027E-04  -1.341447342095847E-09  -6.056412284036160E-04
     6   4  -2.359727803610027E-04  1.323557555221733E-09  5.190633382298367E-04
     7   1  -2.710113625660269E-04  3.548181193302469E-10  -4.806768514321949E-04
     7   2  -2.710113625660269E-04  -4.956832361235897E-09  3.940990569992926E-04
     7   3  -1.835337717228781E-04  3.548181748413981E-10  -4.806773825972409E-04
     7   4  -1.835337717228781E-04  -4.956832277969170E-09  3.940985258342466E-04
     8   1  -1.935796000032019E-04  5.422762239248868E-11  -3.557105129244412E-04
     8   2  -1.935796000032019E-04  1.905634700039016E-08  2.691222708952716E-04
     8   3  -1.310963216212303E-04  5.422751137018622E-11  -3.557086127124499E-04
     8   4  -1.310963216212303E-04  1.905634680610113E-08  2.691241711072628E-04
     9   1  -1.161476765986300E-04  -4.114979468283764E-10  -2.307348972136053E-04
     9   2  -1.161476765986300E-04  -7.260075909898411E-08  1.441755556710229E-04
     9   3  -7.865663131016677E-05  -4.114980578506788E-10  -2.307421161397150E-04
     9   4  -7.865663131016677E-05  -7.260075923776199E-08  1.441683367449167E-04
    10   1  -3.871578984107409E-05  7.818418135130401E-10  -1.057998370149089E-04
    10   2  -3.871578984107409E-05  2.734560972106337E-07  1.918354707645953E-05
    10   3  -2.621745143193788E-05  7.818420355576450E-10  -1.057725695893658E-04
    10   4  -2.621745143193788E-05  2.734560972106337E-07  1.921081450199230E-05
    11   1  -3.239581349795643E-04  -1.832113657659895E-08  -1.236101207123517E-03
    11   2  -3.239581349795643E-04  -6.837541255758084E-08  1.135436936179671E-03
    11   3  -8.680432064924556E-05  -1.832113657659895E-08  -1.236106212551115E-03
    11   4  -8.680432064924556E-05  -6.837541255758084E-08  1.135431930752073E-03
    12   1  -2.903030997343819E-04  -5.891757113782314E-08  -1.114938703070343E-03
    12   2  -2.903030997343819E-04  1.697600813827665E-08  1.010227482932862E-03
    12   3  -7.778648113406154E-05  -5.891757114129259E-08  -1.114931113712416E-03
    12   4  -7.778648113406154E-05  1.697600813654193E-08  1.010235072290788E-03
    13   1  -2.560389761651768E-04  3.164445798453652E-08  -9.890142379836916E-04
    13   2  -2.560389761651768E-04  -4.174171036597230E-09  8.853211547247206E-04
    13   3  -6.860543689433566E-05  3.164445799841431E-08  -9.890178198465969E-04
    13   4  -6.860543689433566E-05  -4.174171036597230E-09  8.853175728618153E-04
    14   1  -2.219275666539149E-04  -1.236342864197049E-08  -8.642842376157134E-04
    14   2  -2.219275666539149E-04  1.081732384222711E-09  7.603383062923519E-04
    14   3  -5.946531226310838E-05  -1.236342866972606E-08  -8.642828930996108E-04
    14   4  -5.946531226310838E-05  1.081732391161605E-09  7.603396508084562E-04
    15   1  -1.877783203123954E-04  4.244799067798510E-09  -7.392584788787730E-04
    15   2  -1.877783203123954E-04  -5.587029866527260E-10  6.353742314074567E-04
    15   3  -5.031504928377238E-05  4.244799040042935E-09  -7.392589592289806E-04
    15   4  -5.031504928377238E-05  -5.587029311415748E-10  6.353737510572510E-04
    16   1  -1.536384400966879E-04  -1.341447342095847E-09  -6.143048708736609E-04
    16   2  -1.536384400966879E-04  1.323557693999611E-09  5.104065705906075E-04
    16   3  -4.116729595026144E-05  -1.341447286584696E-09  -6.143046043731552E-04
    16   4  -4.116729595026144E-05  1.323557652366247E-09  5.104068370911097E-04
    17   1  -1.194959168055542E-04  3.548181748413981E-10  -4.893340788412609E-04
    17   2  -1.194959168055542E-04  -4.956832361235897E-09  3.854367451457848E-04
    17   3  -3.201883440684970E-05  3.548181748413981E-10  -4.893346100062826E-04
    17   4  -3.201883440684970E-05  -4.956832277969170E-09  3.854362139807631E-04
    18   1  -8.535504030265554E-05  5.422762239248868E-11  -3.643670053502281E-04
    18   2  -8.535504030265554E-05  1.905634700039016E-08  2.604752564865295E-04
    18   3  -2.287081411897945E-05  5.422751137018622E-11  -3.643651051382646E-04
    18   4  -2.287081411897945E-05  1.905634686161228E-08  2.604771566984930E-04
    19   1  -5.121179674056763E-05  -4.114981688729813E-10  -2.393993913420364E-04
    19   2  -5.121179674056763E-05  -7.260075904347296E-08  1.354969802680149E-04
    19   3  -1.372215957956313E-05  -4.114979468283764E-10  -2.394066102681287E-04
    19   4  -1.372215957956313E-05  -7.260075898796181E-08  1.354897613419191E-04
    20   1  -1.706909251434531E-05  7.818419245353425E-10  -1.144344324897975E-04
    20   2  -1.706909251434531E-05  2.734560970996114E-07  1.051999710623835E-05
    20   3  -4.573649554741817E-06  7.818418135130401E-10  -1.144071650642647E-04
    20   4  -4.573649554741817E-06  2.734560968220556E-07  1.054726453176419E-05
    21   1  8.680432064930377E-05  1.832113657486423E-08  -1.236106212551116E-03
    21   2  8.680432064930380E-05  6.837541254717250E-08  1.135431930752071E-03
    21   3  3.239581349796225E-04  1.832113657486423E-08  -1.236101207123518E-03
    21   4  3.239581349796225E-04  6.837541254717250E-08  1.135436936179669E-03
    22   1  7.778648113411023E-05  5.891757112741480E-08  -1.114931113712413E-03
    22   2  7.778648113411027E-05  -1.697600813567457E-08  1.010235072290793E-03
    22   3  2.903030997344309E-04  5.891757112047591E-08  -1.114938703070340E-03
    22   4  2.903030997344311E-04  -1.697600812266414E-08  1.010227482932865E-03
    23   1  6.860543689437591E-05  -3.164445797065873E-08  -9.890178198465951E-04
    23   2  6.860543689437597E-05  4.174171015780548E-09  8.853175728618014E-04
    23   3  2.560389761652158E-04  -3.164445797065873E-08  -9.890142379836969E-04
    23   4  2.560389761652159E-04  4.174171015780548E-09  8.853211547247015E-04
    24   1  5.946531226314270E-05  1.236342875299279E-08  -8.642828930996108E-04
    24   2  5.946531226314273E-05  -1.081732155239212E-09  7.603396508084753E-04
    24   3  2.219275666539514E-04  1.236342875299279E-08  -8.642842376157030E-04
    24   4  2.219275666539515E-04  -1.081732141361424E-09  7.603383062923848E-04
    25   1  5.031504928378923E-05  -4.244798956776208E-09  -7.392589592289892E-04
    25   2  5.031504928378928E-05  5.587030282860894E-10  6.353737510572041E-04
    25   3  1.877783203124090E-04  -4.244798984531784E-09  -7.392584788787852E-04
    25   4  1.877783203124090E-04  5.587031393083919E-10  6.353742314074168E-04
    26   1  4.116729595032788E-05  1.341447397606998E-09  -6.143046043731691E-04
    26   2  4.116729595032799E-05  -1.323557097254735E-09  5.104068370911548E-04
    26   3  1.536384400967605E-04  1.341447453118150E-09  -6.143048708736124E-04
    26   4  1.536384400967600E-04  -1.323557083376947E-09  5.104065705907011E-04
    27   1  3.201883440689056E-05  -3.548177307521883E-10  -4.893346100062722E-04
    27   2  3.201883440689062E-05  4.956831667346506E-09  3.854362139807527E-04
    27   3  1.194959168055937E-04  -3.548177307521883E-10  -4.893340788413199E-04
    27   4  1.194959168055933E-04  4.956831778368809E-09  3.854367451457119E-04
    28   1  2.287081411909514E-05  -5.422762239248868E-11  -3.643651051382611E-04
    28   2  2.287081411909503E-05  -1.905634708365689E-08  2.604771566984618E-04
    28   3  8.535504030276575E-05  -5.422751137018622E-11  -3.643670053501552E-04
    28   4  8.535504030276597E-05  -1.905634711141246E-08  2.604752564865365E-04
    29   1  1.372215957961740E-05  4.114979468283764E-10  -2.394066102681947E-04
    29   2  1.372215957961745E-05  7.260075926551757E-08  1.354897613419122E-04
    29   3  5.121179674062986E-05  4.114978358060739E-10  -2.393993913420364E-04
    29   4  5.121179674063029E-05  7.260075932102872E-08  1.354969802680669E-04
    30   1  4.573649554765618E-06  -7.818415914684351E-10  -1.144071650642266E-04
    30   2  4.573649554765618E-06  -2.734560969330779E-07  1.054726453176072E-05
    30   3  1.706909251436616E-05  -7.818415914684351E-10  -1.144344324897489E-04
    30   4  1.706909251436572E-05  -2.734560967665445E-07  1.051999710624876E-05
    31   1  4.977959585803591E-04  1.832113657833367E-08  -1.233805719874329E-03
    31   2  4.977959585803591E-04  6.837541256105029E-08  1.143993800366574E-03
    31   3  7.355759106044493E-04  1.832113657833367E-08  -1.233800714446731E-03
    31   4  7.355759106044493E-04  6.837541256105029E-08  1.143998805794172E-03
    32   1  4.458183135831641E-04  5.891757111700646E-08  -1.104676720078868E-03
    32   2  4.458183135831640E-04  -1.697600817904266E-08  1.018911749764711E-03
    32   3  6.581771605675221E-04  5.891757112047591E-08  -1.104684309436799E-03
    32   4  6.581771605675220E-04  -1.697600818077738E-08  1.018904160406780E-03
    33   1  3.932642212068118E-04  -3.164445802616989E-08  -9.807555649161484E-04
    33   2  3.932642212068118E-04  4.174171057413911E-09  8.939724577227658E-04
    33   3  5.807370234707037E-04  -3.164445802616989E-08  -9.807519830532432E-04
    33   4  5.807370234707035E-04  4.174171057413911E-09  8.939760395856745E-04
    34   1  3.408546589666279E-04  1.236342878074836E-08  -8.555281505842494E-04
    34   2  3.408546589666281E-04  -1.081732314833772E-09  7.689978914543413E-04
    34   3  5.033072631704877E-04  1.236342875299279E-08  -8.555294951003625E-04
    34   4  5.033072631704877E-04  -1.081732307894878E-09  7.689965469382352E-04
    35   1  2.884092875655765E-04  -4.244799178820813E-09  -7.306241931016571E-04
    35   2  2.884092875655765E-04  5.587028895082113E-10  6.440322501167026E-04
    35   3  4.258749318874120E-04  -4.244799178820813E-09  -7.306237127514565E-04
    35   4  4.258749318874120E-04  5.587028339970601E-10  6.440327304669015E-04
    36   1  2.359727803610794E-04  1.341447286584696E-09  -6.056412284035743E-04
    36   2  2.359727803610798E-04  -1.323557236032613E-09  5.190633382299685E-04
    36   3  3.484432370244347E-04  1.341447286584696E-09  -6.056414949040141E-04
    36   4  3.484432370244347E-04  -1.323557291543764E-09  5.190630717295357E-04
    37   1  1.835337717229154E-04  -3.548177862633395E-10  -4.806773825973033E-04
    37   2  1.835337717229153E-04  4.956832028168989E-09  3.940985258341807E-04
    37   3  2.710113625660642E-04  -3.548177862633395E-10  -4.806768514323337E-04
    37   4  2.710113625660642E-04  4.956832000413414E-09  3.940990569991434E-04
    38   1  1.310963216213332E-04  -5.422728932558130E-11  -3.557086127123563E-04
    38   2  1.310963216213328E-04  -1.905634688936786E-08  2.691241711072663E-04
    38   3  1.935796000032920E-04  -5.422728932558130E-11  -3.557105129242746E-04
    38   4  1.935796000032920E-04  -1.905634691712343E-08  2.691222708953236E-04
    39   1  7.865663131023475E-05  4.114982798952838E-10  -2.307421161398086E-04
    39   2  7.865663131023453E-05  7.260075965409563E-08  1.441683367449167E-04
    39   3  1.161476765987077E-04  4.114981688729813E-10  -2.307348972136365E-04
    39   4  1.161476765987077E-04  7.260075970960678E-08  1.441755556710819E-04
    40   1  2.621745143195696E-05  -7.818411473792253E-10  -1.057725695894421E-04
    40   2  2.621745143195685E-05  -2.734560968775668E-07  1.921081450194373E-05
    40   3  3.871578984109437E-05  -7.818412584015277E-10  -1.057998370149853E-04
    40   4  3.871578984109437E-05  -2.734560969330779E-07  1.918354707638667E-05

====={Stress@IntegralPoint}=================
     1   1  -1.544709412269222E+02  -3.847438681814364E-03  -1.295490750169065E+02
     1   2  -1.544709412269222E+02  -1.435883664000631E-02  1.201198746083883E+02
     1   3  -1.045371513018632E+02  -3.847438681814364E-03  -1.295496005868044E+02
     1   4  -1.045371513018632E+02  -1.435883664000631E-02  1.201193490384905E+02
     2   1  -1.382172037191689E+02  -1.237268994040003E-02  -1.159918524908643E+02
     2   2  -1.382172037191689E+02  3.564961717234666E-03  1.069849368427104E+02
     2   3  -9.362184585245406E+01  -1.237268994112861E-02  -1.159910556082814E+02
     2   4  -9.362184585245406E+01  3.564961716870374E-03  1.069857337252929E+02
     3   1  -1.219547749288408E+02  6.645336185495676E-03  -1.029789582205902E+02
     3   2  -1.219547749288408E+02  -8.765759278855922E-04  9.386748415649983E+01
     3   3  -8.258548645342283E+01  6.645336188410012E-03  -1.029793343161958E+02
     3   4  -8.258548645342283E+01  -8.765759278855922E-04  9.386710806089405E+01
     4   1  -1.056945252657931E+02  -2.596320032299815E-03  -8.983059698553879E+01
     4   2  -1.056945252657931E+02  2.271637890294276E-04  8.074463742850777E+01
     4   3  -7.157947838298381E+01  -2.596320026471144E-03  -8.983045581134819E+01
     4   4  -7.157947838298381E+01  2.271637904865953E-04  8.074477860269856E+01
     5   1  -8.943373569635618E+01  8.914077809230037E-04  -7.671548983890129E+01
     5   2  -8.943373569635618E+01  -1.173276359400788E-04  6.762343669903413E+01
     5   3  -6.056595038876910E+01  8.914077750943328E-04  -7.671554027567291E+01
     5   4  -6.056595038876910E+01  -1.173276359400788E-04  6.762338626226288E+01
     6   1  -7.317307977511308E+01  -2.817039534974697E-04  -6.359235696493314E+01
     6   2  -7.317307977511308E+01  2.779470836822284E-04  5.450162253157976E+01
     6   3  -4.955428387581056E+01  -2.817039418401279E-04  -6.359232898237968E+01
     6   4  -4.955428387581056E+01  2.779470865965639E-04  5.450165051413285E+01
     7   1  -5.691238613886566E+01  7.451180505935184E-05  -5.047106940038046E+01
     7   2  -5.691238613886566E+01  -1.040934795859538E-03  4.138040098492573E+01
     7   3  -3.854209206180441E+01  7.451181671669360E-05  -5.047112517271029E+01
     7   4  -3.854209206180441E+01  -1.040934778373526E-03  4.138034521259590E+01
     8   1  -4.065171600067241E+01  1.138780070242262E-05  -3.734960385706632E+01
     8   2  -4.065171600067241E+01  4.001832870081934E-03  2.825783844400352E+01
     8   3  -2.753022754045837E+01  1.138777738773911E-05  -3.734940433480725E+01
     8   4  -2.753022754045837E+01  4.001832829281238E-03  2.825803796626260E+01
     9   1  -2.439101208571230E+01  -8.641456883395904E-05  -2.422716420742855E+01
     9   2  -2.439101208571230E+01  -1.524615941078666E-02  1.513843334545741E+01
     9   3  -1.651789257513502E+01  -8.641459214864256E-05  -2.422792219467007E+01
     9   4  -1.651789257513502E+01  -1.524615943993002E-02  1.513767535821626E+01
    10   1  -8.130315866625560E+00  1.641867808377384E-04  -1.110898288656544E+01
    10   2  -8.130315866625560E+00  5.742578041423307E-02  2.014272443028251E+00
    10   3  -5.505664800706954E+00  1.641868274671054E-04  -1.110611980688340E+01
    10   4  -5.505664800706954E+00  5.742578041423307E-02  2.017135522709192E+00
    11   1  -6.803120834570849E+01  -3.847438681085780E-03  -1.297906267479693E+02
    11   2  -6.803120834570849E+01  -1.435883663709198E-02  1.192208782988655E+02
    11   3  -1.822890733634157E+01  -3.847438681085780E-03  -1.297911523178671E+02
    11   4  -1.822890733634157E+01  -1.435883663709198E-02  1.192203527289677E+02
    12   1  -6.096365094422021E+01  -1.237268993894286E-02  -1.170685638223860E+02
    12   2  -6.096365094422021E+01  3.564961709038098E-03  1.060738857079505E+02
    12   3  -1.633516103815292E+01  -1.237268993967144E-02  -1.170677669398037E+02
    12   4  -1.633516103815292E+01  3.564961708673806E-03  1.060746825905327E+02
    13   1  -5.376818499468713E+01  6.645336176752670E-03  -1.038464949882876E+02
    13   2  -5.376818499468713E+01  -8.765759176854182E-04  9.295872124609566E+01
    13   3  -1.440714174781049E+01  6.645336179667005E-03  -1.038468710838927E+02
    13   4  -1.440714174781049E+01  -8.765759176854182E-04  9.295834515049062E+01
    14   1  -4.660478899732213E+01  -2.596320014813802E-03  -9.074984494964991E+01
    14   2  -4.660478899732213E+01  2.271638006867693E-04  7.983552216069695E+01
    14   3  -1.248771557525276E+01  -2.596320020642473E-03  -9.074970377545914E+01
    14   4  -1.248771557525276E+01  2.271638021439371E-04  7.983566333488791E+01
    15   1  -3.943344726560303E+01  8.914078042376872E-04  -7.762214028227116E+01
    15   2  -3.943344726560303E+01  -1.173276271970725E-04  6.671429429778296E+01
    15   3  -1.056616034959220E+01  8.914077984090163E-04  -7.762219071904296E+01
    15   4  -1.056616034959220E+01  -1.173276155397307E-04  6.671424386101135E+01
    16   1  -3.226407242030447E+01  -2.817039418401279E-04  -6.450201144173440E+01
    16   2  -3.226407242030447E+01  2.779471157399183E-04  5.359268991201378E+01
    16   3  -8.645132149554902E+00  -2.817039301827862E-04  -6.450198345918130E+01
    16   4  -8.645132149554902E+00  2.779471069969119E-04  5.359271789456652E+01
    17   1  -2.509414252916639E+01  7.451181671669360E-05  -5.138007827833239E+01
    17   2  -2.509414252916639E+01  -1.040934795859538E-03  4.047085824030740E+01
    17   3  -6.723955225438438E+00  7.451181671669360E-05  -5.138013405065967E+01
    17   4  -6.723955225438438E+00  -1.040934778373526E-03  4.047080246798012E+01
    18   1  -1.792455846355766E+01  1.138780070242262E-05  -3.825853556177395E+01
    18   2  -1.792455846355766E+01  4.001832870081934E-03  2.734990193108560E+01
    18   3  -4.802870964985685E+00  1.138777738773911E-05  -3.825833603951778E+01
    18   4  -4.802870964985685E+00  4.001832840938579E-03  2.735010145334176E+01
    19   1  -1.075447731551920E+01  -8.641461546332607E-05  -2.513693609091382E+01
    19   2  -1.075447731551920E+01  -1.524615939912932E-02  1.422718292814156E+01
    19   3  -2.881653511708257E+00  -8.641456883395904E-05  -2.513769407815352E+01
    19   4  -2.881653511708257E+00  -1.524615938747198E-02  1.422642494090151E+01
    20   1  -3.584509428012516E+00  1.641868041524219E-04  -1.201561541142874E+01
    20   2  -3.584509428012516E+00  5.742578039091839E-02  1.104599696155027E+00
    20   3  -9.604664064957815E-01  1.641867808377384E-04  -1.201275233174780E+01
    20   4  -9.604664064957815E-01  5.742578033263168E-02  1.107462775835240E+00
    21   1  1.822890733635379E+01  3.847438680721488E-03  -1.297911523178672E+02
    21   2  1.822890733635380E+01  1.435883663490622E-02  1.192203527289675E+02
    21   3  6.803120834572073E+01  3.847438680721488E-03  -1.297906267479694E+02
    21   4  6.803120834572073E+01  1.435883663490622E-02  1.192208782988652E+02
    22   1  1.633516103816315E+01  1.237268993675711E-02  -1.170677669398034E+02
    22   2  1.633516103816316E+01  -3.564961708491660E-03  1.060746825905333E+02
    22   3  6.096365094423050E+01  1.237268993529994E-02  -1.170685638223857E+02
    22   4  6.096365094423054E+01  -3.564961705759470E-03  1.060738857079509E+02
    23   1  1.440714174781894E+01  -6.645336173838334E-03  -1.038468710838925E+02
    23   2  1.440714174781895E+01  8.765759133139150E-04  9.295834515048915E+01
    23   3  5.376818499469532E+01  -6.645336173838334E-03  -1.038464949882882E+02
    23   4  5.376818499469535E+01  8.765759133139150E-04  9.295872124609366E+01
    24   1  1.248771557525997E+01  2.596320038128486E-03  -9.074970377545914E+01
    24   2  1.248771557525997E+01  -2.271637526002346E-04  7.983566333488992E+01
    24   3  4.660478899732980E+01  2.596320038128486E-03  -9.074984494964882E+01
    24   4  4.660478899732982E+01  -2.271637496858991E-04  7.983552216070041E+01
    25   1  1.056616034959574E+01  -8.914077809230037E-04  -7.762219071904387E+01
    25   2  1.056616034959575E+01  1.173276359400788E-04  6.671424386100644E+01
    25   3  3.943344726560588E+01  -8.914077867516745E-04  -7.762214028227244E+01
    25   4  3.943344726560588E+01  1.173276592547623E-04  6.671429429777876E+01
    26   1  8.645132149568854E+00  2.817039534974697E-04  -6.450198345918275E+01
    26   2  8.645132149568877E+00  -2.779469904234944E-04  5.359271789457125E+01
    26   3  3.226407242031970E+01  2.817039651548114E-04  -6.450201144172929E+01
    26   4  3.226407242031961E+01  -2.779469875091589E-04  5.359268991202362E+01
    27   1  6.723955225447019E+00  -7.451172345795953E-05  -5.138013405065858E+01
    27   2  6.723955225447030E+00  1.040934650142766E-03  4.047080246797903E+01
    27   3  2.509414252917469E+01  -7.451172345795953E-05  -5.138007827833859E+01
    27   4  2.509414252917459E+01  1.040934673457450E-03  4.047085824029975E+01
    28   1  4.802870965009979E+00  -1.138780070242262E-05  -3.825833603951742E+01
    28   2  4.802870965009957E+00  -4.001832887567947E-03  2.735010145333849E+01
    28   3  1.792455846358081E+01  -1.138777738773911E-05  -3.825853556176629E+01
    28   4  1.792455846358085E+01  -4.001832893396617E-03  2.734990193108633E+01
    29   1  2.881653511719654E+00  8.641456883395904E-05  -2.513769407816044E+01
    29   2  2.881653511719665E+00  1.524615944575869E-02  1.422642494090078E+01
    29   3  1.075447731553227E+01  8.641454551927552E-05  -2.513693609091382E+01
    29   4  1.075447731553236E+01  1.524615945741603E-02  1.422718292814703E+01
    30   1  9.604664065007799E-01  -1.641867342083714E-04  -1.201275233174379E+01
    30   2  9.604664065007799E-01  -5.742578035594637E-02  1.107462775834876E+00
    30   3  3.584509428016893E+00  -1.641867342083714E-04  -1.201561541142364E+01
    30   4  3.584509428016802E+00  -5.742578032097434E-02  1.104599696156120E+00
    31   1  1.045371513018754E+02  3.847438681450072E-03  -1.295496005868046E+02
    31   2  1.045371513018754E+02  1.435883663782056E-02  1.201193490384902E+02
    31   3  1.544709412269343E+02  3.847438681450072E-03  -1.295490750169068E+02
    31   4  1.544709412269343E+02  1.435883663782056E-02  1.201198746083880E+02
    32   1  9.362184585246446E+01  1.237268993457136E-02  -1.159910556082811E+02
    32   2  9.362184585246445E+01  -3.564961717598958E-03  1.069857337252947E+02
    32   3  1.382172037191797E+02  1.237268993529994E-02  -1.159918524908639E+02
    32   4  1.382172037191796E+02  -3.564961717963250E-03  1.069849368427119E+02
    33   1  8.258548645343048E+01  -6.645336185495676E-03  -1.029793343161956E+02
    33   2  8.258548645343048E+01  8.765759220569214E-04  9.386710806089040E+01
    33   3  1.219547749288478E+02  -6.645336185495676E-03  -1.029789582205905E+02
    33   4  1.219547749288477E+02  8.765759220569214E-04  9.386748415649582E+01
    34   1  7.157947838299187E+01  2.596320043957157E-03  -8.983045581134618E+01
    34   2  7.157947838299191E+01  -2.271637861150921E-04  8.074477860270584E+01
    34   3  1.056945252658024E+02  2.596320038128486E-03  -8.983059698553805E+01
    34   4  1.056945252658024E+02  -2.271637846579244E-04  8.074463742851471E+01
    35   1  6.056595038877106E+01  -8.914078275523707E-04  -7.671554027567399E+01
    35   2  6.056595038877106E+01  1.173276067967244E-04  6.762338626225377E+01
    35   3  8.943373569635652E+01  -8.914078275523707E-04  -7.671548983890294E+01
    35   4  8.943373569635652E+01  1.173275951393826E-04  6.762343669902465E+01
    36   1  4.955428387582668E+01  2.817039301827862E-04  -6.359232898237531E+01
    36   2  4.955428387582675E+01  -2.779470195668488E-04  5.450165051414669E+01
    36   3  7.317307977513130E+01  2.817039301827862E-04  -6.359235696492149E+01
    36   4  7.317307977513130E+01  -2.779470312241905E-04  5.450162253160124E+01
    37   1  3.854209206181224E+01  -7.451173511530129E-05  -5.047112517271685E+01
    37   2  3.854209206181222E+01  1.040934725915488E-03  4.138034521258898E+01
    37   3  5.691238613887349E+01  -7.451173511530129E-05  -5.047106940039504E+01
    37   4  5.691238613887349E+01  1.040934720086817E-03  4.138040098491006E+01
    38   1  2.753022754047998E+01  -1.138773075837207E-05  -3.734940433479741E+01
    38   2  2.753022754047988E+01  -4.001832846767250E-03  2.825803796626296E+01
    38   3  4.065171600069132E+01  -1.138773075837207E-05  -3.734960385704883E+01
    38   4  4.065171600069132E+01  -4.001832852595921E-03  2.825783844400898E+01
    39   1  1.651789257514930E+01  8.641463877800959E-05  -2.422792219467991E+01
    39   2  1.651789257514925E+01  1.524615952736008E-02  1.513767535821626E+01
    39   3  2.439101208572861E+01  8.641461546332607E-05  -2.422716420743183E+01
    39   4  2.439101208572861E+01  1.524615953901742E-02  1.513843334546360E+01
    40   1  5.505664800710961E+00  -1.641866409496373E-04  -1.110611980689142E+01
    40   2  5.505664800710938E+00  -5.742578034428902E-02  2.017135522704092E+00
    40   3  8.130315866629818E+00  -1.641866642643208E-04  -1.110898288657345E+01
    40   4  8.130315866629818E+00  -5.742578035594637E-02  2.014272443020600E+00
